0;1;2
time: 18756.333333333332 ms
weight: 6.0 0.0 NaN
3;4;5
time: 18419.0 ms
weight: 7.0 0.0 NaN
6;7;8
time: 18722.0 ms
weight: 7.0 0.0 NaN
9;10;11
time: 19107.666666666668 ms
weight: 5.0 0.0 NaN
12;13;14;15
time: 28496.0 ms
weight: 6.0 0.0 NaN
16;17;18
time: 19154.333333333332 ms
weight: 5.0 0.0 NaN
19;20;21
time: 18941.0 ms
weight: 3.0 0.0 NaN
22;23;24
time: 19383.0 ms
weight: 3.0 0.0 NaN
25;26;27
time: 18691.666666666668 ms
weight: 3.0 0.0 NaN
28;29;30
time: 19109.333333333332 ms
weight: 2.0 0.0 NaN
31;32;33
time: 18864.0 ms
weight: 3.0 0.0 NaN
34;35;36
time: 18616.0 ms
weight: 3.0 0.0 NaN
37;38;39
time: 19051.666666666668 ms
weight: 6.0 0.0 NaN
40;41;42
time: 18878.0 ms
weight: 5.0 0.0 NaN
43;44;45
time: 19330.0 ms
weight: 5.0 0.0 NaN
46;47;48
time: 18841.0 ms
weight: 7.0 0.0 NaN
49;50;51
time: 18673.333333333332 ms
weight: 8.0 0.0 NaN
52;53;54
time: 19232.0 ms
weight: 8.0 0.0 NaN
55;56;57
time: 19382.666666666668 ms
weight: 4.0 0.0 NaN
58;59;60
time: 18710.333333333332 ms
weight: 5.0 0.0 NaN
61;62;63
time: 19016.0 ms
weight: 3.0 0.0 NaN
64;65;66
time: 19391.333333333332 ms
weight: 4.0 0.0 NaN
67;68;69
time: 18973.666666666668 ms
weight: 3.0 0.0 NaN
70;71;72
time: 19127.666666666668 ms
weight: 3.0 0.0 NaN
73;74;75
time: 18551.0 ms
weight: 5.0 0.0 NaN
76;77;78;79
time: 26307.0 ms
weight: 6.0 0.0 NaN
80;81;82
time: 18704.0 ms
weight: 5.0 0.0 NaN
83;84;85;86
time: 25127.0 ms
weight: 9.0 0.0 NaN
87;88
time: 12451.666666666666 ms
weight: 2.0 0.0 NaN
89;90;91;92
time: 29053.0 ms
weight: 5.0 0.0 NaN
93;94;95;96
time: 25233.666666666668 ms
weight: 9.0 0.0 NaN
97;98
time: 12351.0 ms
weight: 2.0 0.0 NaN
99;100;101;102;103;104
time: 101700.0 ms
weight: 9.0 0.0 NaN
105;106;107;108;109
time: 44856.0 ms
weight: 10.0 0.0 NaN
110;111;112;113
time: 27243.0 ms
weight: 10.0 0.0 NaN
114;115;116;117
time: 24981.666666666668 ms
weight: 3.0 0.0 NaN
118;119;120;121
time: 29540.666666666668 ms
weight: 9.0 0.0 NaN
122
time: 6220.0 ms
weight: 0.0 0.0 0.0
123;124;125;126
time: 26121.333333333332 ms
weight: 8.0 0.0 NaN
127;128
time: 12422.666666666666 ms
weight: 2.0 0.0 NaN
129;130
time: 12247.0 ms
weight: 5.0 0.0 NaN
131;132
time: 12341.333333333334 ms
weight: 2.0 0.0 NaN
133;134;135;136
time: 27569.0 ms
weight: 7.0 0.0 NaN
137;138;139
time: 18942.0 ms
weight: 8.0 0.0 NaN
140;141;142
time: 19021.666666666668 ms
weight: 8.0 0.0 NaN
143;144;145;146;147
time: 69559.33333333333 ms
weight: 7.0 0.0 NaN
148;149;150
time: 18999.333333333332 ms
weight: 3.0 0.0 NaN
151;152
time: 12401.666666666666 ms
weight: 5.0 0.0 NaN
153;154;155
time: 18711.333333333332 ms
weight: 5.0 0.0 NaN
156;157;158;159
time: 28606.666666666668 ms
weight: 6.0 0.0 NaN
160;161;162;163;164;165
time: 76641.33333333333 ms
weight: 13.0 0.0 NaN
166;167;168;169;170;171
time: 200004.0 ms
weight: -1.0 -1.0 -1.0
172;173;174;175;176;177;178;179;180
time: 200558.66666666666 ms
weight: -1.0 -1.0 -1.0
181;182;183;184;185;186;187;188
time: 200028.0 ms
weight: -1.0 -1.0 -1.0
189;190;191;192;193;194;195
time: 200010.0 ms
weight: -1.0 -1.0 -1.0
196;197;198;199;200;201
time: 141234.0 ms
weight: 10.0 0.0 NaN
202;203;204;205;206;207;208
time: 200004.66666666666 ms
weight: -1.0 -1.0 -1.0
209;210;211;212;213;214;215;216;217;218
time: 200944.33333333334 ms
weight: -1.0 -1.0 -1.0
219;220;221;222;223;224;225
time: 5.333333333333333 ms
weight: -1.0 -1.0 -1.0
226;227;228;229;230;231;232
time: 200010.33333333334 ms
weight: -1.0 -1.0 -1.0
233;234;235;236;237;238;239
time: 200301.66666666666 ms
weight: -1.0 -1.0 -1.0
240;241;242
time: 18849.666666666668 ms
weight: 3.0 0.0 NaN
243;244;245;246;247;248;249
time: 200065.0 ms
weight: -1.0 -1.0 -1.0
250;251;252;253;254
time: 36964.0 ms
weight: 8.0 0.0 NaN
255;256;257;258;259;260
time: 80326.33333333333 ms
weight: 9.0 0.0 NaN
261;262;263;264
time: 26785.666666666668 ms
weight: 9.0 0.0 NaN
265;266;267;268
time: 25377.333333333332 ms
weight: 5.0 0.0 NaN
269;270;271;272
time: 25832.666666666668 ms
weight: 12.0 0.0 NaN
273;274;275;276;277;278
time: 179816.66666666666 ms
weight: 11.0 0.0 NaN
279;280;281;282
time: 26036.666666666668 ms
weight: 4.0 0.0 NaN
283;284;285;286;287;288;289
time: 128595.0 ms
weight: 8.0 0.0 NaN
290;291;292
time: 18591.333333333332 ms
weight: 6.0 0.0 NaN
293;294
time: 12087.333333333334 ms
weight: 3.0 0.0 NaN
295;296;297;298;299
time: 65753.33333333333 ms
weight: 6.0 0.0 NaN
300;301;302;303;304
time: 32868.666666666664 ms
weight: 7.0 0.0 NaN
305;306;307;308;309;310;311;312;313;314
time: 200799.0 ms
weight: -1.0 -1.0 -1.0
315;316;317;318;319;320
time: 122957.66666666667 ms
weight: 9.0 0.0 NaN
321;322;323;324;325;326;327
time: 113565.33333333333 ms
weight: 10.0 0.0 NaN
328;329;330;331;332;333;334;335;336
time: 201098.33333333334 ms
weight: -1.0 -1.0 -1.0
337;338
time: 12421.0 ms
weight: 2.0 0.0 NaN
339;340;341;342;343
time: 37356.0 ms
weight: 9.0 0.0 NaN
344;345;346
time: 18888.333333333332 ms
weight: 5.0 0.0 NaN
347;348;349;350
time: 26399.666666666668 ms
weight: 6.0 0.0 NaN
351;352;353;354;355
time: 42225.0 ms
weight: 10.0 0.0 NaN
356;357;358;359;360
time: 62507.666666666664 ms
weight: 9.0 0.0 NaN
361;362;363;364;365
time: 37606.0 ms
weight: 8.0 0.0 NaN
366;367;368
time: 19269.333333333332 ms
weight: 7.0 0.0 NaN
369;370;371;372;373
time: 102640.0 ms
weight: 12.0 0.0 NaN
374;375;376;377;378;379
time: 85897.0 ms
weight: 14.0 0.0 NaN
380;381;382;383
time: 26208.333333333332 ms
weight: 4.0 0.0 NaN
384;385;386
time: 18526.333333333332 ms
weight: 3.0 0.0 NaN
387;388;389;390
time: 29300.333333333332 ms
weight: 10.0 0.0 NaN
391;392;393;394;395;396
time: 112391.0 ms
weight: 13.0 0.0 NaN
397;398;399;400
time: 26415.0 ms
weight: 4.0 0.0 NaN
401;402;403
time: 18791.0 ms
weight: 5.0 0.0 NaN
404;405;406
time: 18952.0 ms
weight: 4.0 0.0 NaN
407;408;409;410
time: 26536.333333333332 ms
weight: 6.0 0.0 NaN
411;412
time: 12397.333333333334 ms
weight: 4.0 0.0 NaN
413;414;415;416
time: 28244.0 ms
weight: 4.0 0.0 NaN
417;418;419;420
time: 25822.666666666668 ms
weight: 7.0 0.0 NaN
421;422;423;424;425
time: 35546.333333333336 ms
weight: 9.0 0.0 NaN
426;427;428;429;430
time: 41106.666666666664 ms
weight: 12.0 0.0 NaN
431;432;433;434;435
time: 64904.666666666664 ms
weight: 7.0 0.0 NaN
436;437;438
time: 19123.666666666668 ms
weight: 6.0 0.0 NaN
439;440;441;442
time: 26425.0 ms
weight: 10.0 0.0 NaN
443;444;445;446;447;448;449
time: 200231.33333333334 ms
weight: -1.0 -1.0 -1.0
450;451;452;453;454
time: 3.6666666666666665 ms
weight: -1.0 -1.0 -1.0
455;456;457;458
time: 25843.666666666668 ms
weight: 7.0 0.0 NaN
459;460;461;462;463
time: 41568.666666666664 ms
weight: 7.0 0.0 NaN
464;465;466;467;468;469;470
time: 200006.0 ms
weight: -1.0 -1.0 -1.0
471;472;473;474;475
time: 112570.33333333333 ms
weight: 9.0 0.0 NaN
476;477;478;479
time: 34522.0 ms
weight: 7.0 0.0 NaN
480;481;482;483;484;485;486
time: 200421.33333333334 ms
weight: -1.0 -1.0 -1.0
487;488;489;490;491;492;493
time: 200038.0 ms
weight: -1.0 -1.0 -1.0
494;495;496;497
time: 27402.0 ms
weight: 8.0 0.0 NaN
498;499;500;501;502
time: 36880.333333333336 ms
weight: 8.0 0.0 NaN
503;504;505;506
time: 25154.333333333332 ms
weight: 6.0 0.0 NaN
507;508;509;510;511
time: 37442.333333333336 ms
weight: 8.0 0.0 NaN
512;513;514;515
time: 26018.666666666668 ms
weight: 6.0 0.0 NaN
516;517;518;519
time: 25568.666666666668 ms
weight: 8.0 0.0 NaN
520;521;522;523
time: 28986.333333333332 ms
weight: 6.0 0.0 NaN
524;525;526;527;528
time: 52100.0 ms
weight: 9.0 0.0 NaN
529;530;531;532;533;534;535;536
time: 200338.0 ms
weight: -1.0 -1.0 -1.0
537;538;539;540
time: 25503.0 ms
weight: 5.0 0.0 NaN
541;542;543;544;545;546
time: 170207.0 ms
weight: 14.0 0.0 NaN
547;548;549;550;551
time: 39855.0 ms
weight: 9.0 0.0 NaN
552;553;554
time: 18607.0 ms
weight: 6.0 0.0 NaN
555;556
time: 12502.666666666666 ms
weight: 3.0 0.0 NaN
557;558;559;560;561
time: 36925.666666666664 ms
weight: 9.0 0.0 NaN
562;563;564
time: 18528.333333333332 ms
weight: 6.0 0.0 NaN
565;566;567;568
time: 30077.0 ms
weight: 6.0 0.0 NaN
569;570
time: 12468.666666666666 ms
weight: 3.0 0.0 NaN
571;572;573;574
time: 26869.666666666668 ms
weight: 8.0 0.0 NaN
575;576;577;578;579
time: 46821.666666666664 ms
weight: 6.0 0.0 NaN
580;581;582;583;584;585
time: 200024.33333333334 ms
weight: -1.0 -1.0 -1.0
586;587;588;589
time: 53936.333333333336 ms
weight: 7.0 0.0 NaN
590;591
time: 12165.0 ms
weight: 2.0 0.0 NaN
592;593
time: 12263.666666666666 ms
weight: 2.0 0.0 NaN
594;595;596;597;598
time: 60254.333333333336 ms
weight: 7.0 0.0 NaN
599;600;601
time: 18707.333333333332 ms
weight: 6.0 0.0 NaN
602;603;604;605;606
time: 35248.333333333336 ms
weight: 9.0 0.0 NaN
607;608;609;610
time: 24994.333333333332 ms
weight: 7.0 0.0 NaN
611;612
time: 12362.666666666666 ms
weight: 4.0 0.0 NaN
613;614;615;616
time: 25006.666666666668 ms
weight: 6.0 0.0 NaN
617;618;619;620;621;622
time: 167975.0 ms
weight: 12.0 0.0 NaN
623;624;625;626;627;628
time: 200007.0 ms
weight: -1.0 -1.0 -1.0
629;630;631;632;633;634;635;636;637
time: 200323.66666666666 ms
weight: -1.0 -1.0 -1.0
638;639;640;641
time: 25589.666666666668 ms
weight: 6.0 0.0 NaN
642;643;644
time: 19231.0 ms
weight: 5.0 0.0 NaN
645;646
time: 12678.0 ms
weight: 2.0 0.0 NaN
647;648;649;650
time: 25984.333333333332 ms
weight: 6.0 0.0 NaN
651;652;653;654;655;656;657
time: 115962.0 ms
weight: 15.0 0.0 NaN
658;659
time: 13093.666666666666 ms
weight: 4.0 0.0 NaN
660;661
time: 12371.333333333334 ms
weight: 3.0 0.0 NaN
662;663;664;665
time: 30443.0 ms
weight: 9.0 0.0 NaN
666;667;668;669;670;671
time: 200004.0 ms
weight: -1.0 -1.0 -1.0
672;673;674;675;676
time: 50209.666666666664 ms
weight: 9.0 0.0 NaN
677;678;679;680;681;682
time: 130073.66666666667 ms
weight: 8.0 0.0 NaN
683;684;685;686;687;688;689
time: 200010.0 ms
weight: -1.0 -1.0 -1.0
690;691;692;693;694
time: 48243.0 ms
weight: 9.0 0.0 NaN
695;696;697;698
time: 26375.666666666668 ms
weight: 8.0 0.0 NaN
699;700
time: 12219.666666666666 ms
weight: 5.0 0.0 NaN
701;702;703
time: 18832.666666666668 ms
weight: 3.0 0.0 NaN
704;705;706;707
time: 26515.666666666668 ms
weight: 8.0 0.0 NaN
708;709
time: 12297.666666666666 ms
weight: 3.0 0.0 NaN
710;711;712
time: 18478.333333333332 ms
weight: 6.0 0.0 NaN
713;714;715;716;717
time: 46983.666666666664 ms
weight: 15.0 0.0 NaN
718;719;720;721;722
time: 44543.666666666664 ms
weight: 10.0 0.0 NaN
723;724;725
time: 3.6666666666666665 ms
weight: -1.0 -1.0 -1.0
726;727;728;729;730
time: 33939.333333333336 ms
weight: 12.0 0.0 NaN
731;732;733;734
time: 25959.666666666668 ms
weight: 6.0 0.0 NaN
735;736;737;738;739;740
time: 148775.33333333334 ms
weight: 13.0 0.0 NaN
741;742;743;744;745
time: 63585.0 ms
weight: 9.0 0.0 NaN
746;747;748
time: 3.3333333333333335 ms
weight: -1.0 -1.0 -1.0
749;750;751;752;753
time: 51887.333333333336 ms
weight: 13.0 0.0 NaN
754;755;756
time: 19208.333333333332 ms
weight: 5.0 0.0 NaN
757;758;759;760;761
time: 35435.666666666664 ms
weight: 8.0 0.0 NaN
762;763;764;765;766
time: 35928.0 ms
weight: 8.0 0.0 NaN
767;768;769;770
time: 26268.666666666668 ms
weight: 5.0 0.0 NaN
771;772;773
time: 19131.0 ms
weight: 4.0 0.0 NaN
774;775;776;777;778
time: 35164.666666666664 ms
weight: 10.0 0.0 NaN
779;780;781;782;783
time: 34871.666666666664 ms
weight: 12.0 0.0 NaN
784;785;786;787;788;789
time: 127758.0 ms
weight: 15.0 0.0 NaN
790;791;792;793;794
time: 52065.666666666664 ms
weight: 7.0 0.0 NaN
795;796;797;798;799;800;801;802
time: 200091.33333333334 ms
weight: -1.0 -1.0 -1.0
803;804;805;806
time: 28548.666666666668 ms
weight: 4.0 0.0 NaN
807;808
time: 13346.333333333334 ms
weight: 3.0 0.0 NaN
809;810;811;812;813;814;815;816
time: 200338.33333333334 ms
weight: -1.0 -1.0 -1.0
817;818;819;820;821;822
time: 200012.66666666666 ms
weight: -1.0 -1.0 -1.0
823;824;825;826
time: 26123.333333333332 ms
weight: 6.0 0.0 NaN
827;828;829;830
time: 27089.666666666668 ms
weight: 10.0 0.0 NaN
831;832;833
time: 19436.0 ms
weight: 5.0 0.0 NaN
834;835;836;837
time: 25220.666666666668 ms
weight: 9.0 0.0 NaN
838;839;840;841;842;843;844;845
time: 200020.33333333334 ms
weight: -1.0 -1.0 -1.0
846;847;848;849;850;851
time: 65698.66666666667 ms
weight: 11.0 0.0 NaN
852;853;854;855
time: 28079.666666666668 ms
weight: 6.0 0.0 NaN
856;857;858;859;860
time: 41772.0 ms
weight: 10.0 0.0 NaN
861;862;863;864;865;866;867;868;869
time: 200107.66666666666 ms
weight: -1.0 -1.0 -1.0
870;871;872;873;874;875;876;877
time: 200673.66666666666 ms
weight: -1.0 -1.0 -1.0
878;879;880;881;882
time: 127481.66666666667 ms
weight: 8.0 0.0 NaN
883;884;885;886
time: 3.6666666666666665 ms
weight: -1.0 -1.0 -1.0
887;888;889;890;891;892
time: 192521.66666666666 ms
weight: 14.0 0.0 NaN
893;894;895;896;897;898;899
time: 200007.66666666666 ms
weight: -1.0 -1.0 -1.0
900;901
time: 12755.333333333334 ms
weight: 5.0 0.0 NaN
902;903;904;905
time: 25843.666666666668 ms
weight: 5.0 0.0 NaN
906;907;908;909
time: 26218.333333333332 ms
weight: 7.0 0.0 NaN
910;911;912;913;914
time: 50662.333333333336 ms
weight: 11.0 0.0 NaN
915;916;917;918
time: 25086.666666666668 ms
weight: 4.0 0.0 NaN
919;920;921;922;923;924
time: 4.666666666666667 ms
weight: -1.0 -1.0 -1.0
925;926;927;928;929
time: 35238.0 ms
weight: 5.0 0.0 NaN
930;931;932;933
time: 27778.666666666668 ms
weight: 9.0 0.0 NaN
934;935;936;937;938;939;940
time: 200078.66666666666 ms
weight: -1.0 -1.0 -1.0
941;942
time: 12569.0 ms
weight: 5.0 0.0 NaN
943;944;945;946
time: 26209.666666666668 ms
weight: 7.0 0.0 NaN
947;948;949;950
time: 25976.0 ms
weight: 6.0 0.0 NaN
951;952;953
time: 19159.0 ms
weight: 3.0 0.0 NaN
954;955;956
time: 19132.666666666668 ms
weight: 3.0 0.0 NaN
957;958;959;960;961;962
time: 200022.0 ms
weight: -1.0 -1.0 -1.0
963;964;965;966
time: 31438.333333333332 ms
weight: 9.0 0.0 NaN
967;968;969;970;971;972;973
time: 200030.33333333334 ms
weight: -1.0 -1.0 -1.0
974;975;976;977;978
time: 106272.66666666667 ms
weight: 11.0 0.0 NaN
979;980;981;982;983
time: 56760.666666666664 ms
weight: 10.0 0.0 NaN
984;985;986;987
time: 26043.666666666668 ms
weight: 7.0 0.0 NaN
988;989;990;991;992;993
time: 91271.33333333333 ms
weight: 10.0 0.0 NaN
994;995;996
time: 18709.0 ms
weight: 3.0 0.0 NaN
997;998;999;1000;1001
time: 5.0 ms
weight: -1.0 -1.0 -1.0
1002;1003;1004;1005;1006;1007;1008
time: 200043.66666666666 ms
weight: -1.0 -1.0 -1.0
1009;1010;1011
time: 18547.0 ms
weight: 5.0 0.0 NaN
1012;1013;1014;1015;1016;1017
time: 200004.33333333334 ms
weight: -1.0 -1.0 -1.0
1018;1019;1020;1021;1022;1023
time: 71655.66666666667 ms
weight: 13.0 0.0 NaN
1024;1025;1026
time: 18527.666666666668 ms
weight: 3.0 0.0 NaN
1027;1028;1029;1030
time: 26455.666666666668 ms
weight: 4.0 0.0 NaN
1031;1032;1033
time: 18884.666666666668 ms
weight: 6.0 0.0 NaN
1034;1035;1036;1037
time: 26099.333333333332 ms
weight: 7.0 0.0 NaN
1038;1039;1040
time: 18388.0 ms
weight: 5.0 0.0 NaN
1041;1042;1043
time: 19109.333333333332 ms
weight: 7.0 0.0 NaN
1044;1045;1046;1047
time: 25561.666666666668 ms
weight: 4.0 0.0 NaN
1048;1049;1050;1051;1052
time: 55286.0 ms
weight: 6.0 0.0 NaN
1053;1054;1055
time: 20061.0 ms
weight: 3.0 0.0 NaN
1056;1057;1058;1059
time: 26703.666666666668 ms
weight: 9.0 0.0 NaN
1060;1061;1062;1063
time: 28381.333333333332 ms
weight: 6.0 0.0 NaN
1064;1065;1066;1067
time: 31298.333333333332 ms
weight: 7.0 0.0 NaN
1068;1069;1070;1071;1072
time: 55030.0 ms
weight: 11.0 0.0 NaN
1073;1074;1075;1076;1077;1078;1079;1080;1081
time: 200144.0 ms
weight: -1.0 -1.0 -1.0
1082;1083;1084
time: 19543.666666666668 ms
weight: 4.0 0.0 NaN
1085;1086;1087;1088;1089
time: 41343.0 ms
weight: 7.0 0.0 NaN
1090;1091;1092;1093;1094
time: 45900.333333333336 ms
weight: 6.0 0.0 NaN
1095;1096
time: 12122.333333333334 ms
weight: 4.0 0.0 NaN
1097;1098;1099;1100;1101
time: 48235.666666666664 ms
weight: 11.0 0.0 NaN
1102;1103;1104;1105;1106;1107;1108
time: 200048.66666666666 ms
weight: -1.0 -1.0 -1.0
1109;1110;1111;1112;1113;1114;1115;1116
time: 200034.33333333334 ms
weight: -1.0 -1.0 -1.0
1117;1118;1119;1120
time: 47548.333333333336 ms
weight: 9.0 0.0 NaN
1121;1122;1123;1124;1125;1126
time: 200117.33333333334 ms
weight: -1.0 -1.0 -1.0
1127;1128;1129;1130;1131
time: 37429.333333333336 ms
weight: 8.0 0.0 NaN
1132;1133;1134;1135;1136;1137;1138
time: 200319.0 ms
weight: -1.0 -1.0 -1.0
1139;1140;1141
time: 18285.0 ms
weight: 3.0 0.0 NaN
1142;1143
time: 12323.0 ms
weight: 5.0 0.0 NaN
1144;1145;1146;1147;1148;1149;1150;1151
time: 200005.66666666666 ms
weight: -1.0 -1.0 -1.0
1152;1153;1154;1155;1156;1157;1158
time: 200032.66666666666 ms
weight: -1.0 -1.0 -1.0
1159;1160;1161;1162;1163;1164
time: 129359.0 ms
weight: 9.0 0.0 NaN
1165;1166;1167;1168;1169
time: 34364.666666666664 ms
weight: 5.0 0.0 NaN
1170;1171;1172;1173;1174
time: 34762.666666666664 ms
weight: 6.0 0.0 NaN
1175;1176;1177;1178;1179
time: 71465.0 ms
weight: 8.0 0.0 NaN
1180;1181;1182;1183
time: 31224.333333333332 ms
weight: 9.0 0.0 NaN
1184;1185;1186;1187;1188
time: 43479.333333333336 ms
weight: 7.0 0.0 NaN
1189;1190;1191;1192
time: 25046.0 ms
weight: 6.0 0.0 NaN
1193;1194;1195;1196;1197;1198;1199;1200
time: 200090.66666666666 ms
weight: -1.0 -1.0 -1.0
1201;1202;1203;1204
time: 25964.333333333332 ms
weight: 8.0 0.0 NaN
1205;1206;1207;1208
time: 24809.0 ms
weight: 8.0 0.0 NaN
1209;1210;1211;1212;1213
time: 73726.66666666667 ms
weight: 6.0 0.0 NaN
1214;1215;1216;1217
time: 26946.333333333332 ms
weight: 9.0 0.0 NaN
1218;1219
time: 12259.666666666666 ms
weight: 2.0 0.0 NaN
1220;1221;1222
time: 19659.0 ms
weight: 3.0 0.0 NaN
1223;1224;1225
time: 19001.666666666668 ms
weight: 5.0 0.0 NaN
1226;1227;1228
time: 18767.333333333332 ms
weight: 3.0 0.0 NaN
1229;1230
time: 12553.666666666666 ms
weight: 1.0 0.0 NaN
1231;1232
time: 12346.0 ms
weight: 4.0 0.0 NaN
1233;1234
time: 12422.0 ms
weight: 4.0 0.0 NaN
1235;1236;1237
time: 18946.666666666668 ms
weight: 5.0 0.0 NaN
1238;1239;1240
time: 19682.333333333332 ms
weight: 4.0 0.0 NaN
1241;1242
time: 12297.666666666666 ms
weight: 2.0 0.0 NaN
1243;1244
time: 12097.0 ms
weight: 2.0 0.0 NaN
1245;1246;1247
time: 18846.333333333332 ms
weight: 3.0 0.0 NaN
1248;1249
time: 12443.333333333334 ms
weight: 4.0 0.0 NaN
1250;1251
time: 12372.666666666666 ms
weight: 2.0 0.0 NaN
1252;1253
time: 12384.0 ms
weight: 3.0 0.0 NaN
1254;1255
time: 3.6666666666666665 ms
weight: -1.0 -1.0 -1.0
1256;1257
time: 12633.0 ms
weight: 3.0 0.0 NaN
1258;1259
time: 12571.0 ms
weight: 0.0 0.0 0.0
1260
time: 6316.666666666667 ms
weight: 0.0 0.0 0.0
1261;1262
time: 12481.666666666666 ms
weight: 0.0 0.0 0.0
1263;1264
time: 12592.666666666666 ms
weight: 3.0 0.0 NaN
1265;1266;1267
time: 19105.333333333332 ms
weight: 5.0 0.0 NaN
1268;1269
time: 12343.0 ms
weight: 2.0 0.0 NaN
1270;1271
time: 12330.666666666666 ms
weight: 5.0 0.0 NaN
1272;1273
time: 11870.666666666666 ms
weight: 1.0 0.0 NaN
1274;1275
time: 12345.0 ms
weight: 2.0 0.0 NaN
1276;1277
time: 12668.666666666666 ms
weight: 2.0 0.0 NaN
1278
time: 5969.0 ms
weight: 0.0 0.0 0.0
1279;1280;1281;1282;1283
time: 45955.666666666664 ms
weight: 8.0 0.0 NaN
1284;1285
time: 12364.666666666666 ms
weight: 0.0 0.0 0.0
1286;1287;1288
time: 18495.333333333332 ms
weight: 3.0 0.0 NaN
1289;1290;1291
time: 18739.333333333332 ms
weight: 7.0 0.0 NaN
1292;1293
time: 12436.0 ms
weight: 2.0 0.0 NaN
1294;1295
time: 12514.333333333334 ms
weight: 6.0 0.0 NaN
1296;1297;1298;1299
time: 35101.666666666664 ms
weight: 6.0 0.0 NaN
1300;1301;1302
time: 19624.666666666668 ms
weight: 3.0 0.0 NaN
1303;1304
time: 12947.0 ms
weight: 4.0 0.0 NaN
1305;1306
time: 12703.666666666666 ms
weight: 4.0 0.0 NaN
1307;1308
time: 13083.0 ms
weight: 3.0 0.0 NaN
1309;1310
time: 13532.666666666666 ms
weight: 3.0 0.0 NaN
1311;1312
time: 12559.333333333334 ms
weight: 2.0 0.0 NaN
1313;1314;1315;1316
time: 28110.666666666668 ms
weight: 7.0 0.0 NaN
1317;1318
time: 12334.333333333334 ms
weight: 2.0 0.0 NaN
1319;1320
time: 12546.0 ms
weight: 3.0 0.0 NaN
1321;1322
time: 12535.333333333334 ms
weight: 2.0 0.0 NaN
1323;1324
time: 12307.333333333334 ms
weight: 3.0 0.0 NaN
1325;1326;1327
time: 18686.333333333332 ms
weight: 5.0 0.0 NaN
1328;1329
time: 12489.333333333334 ms
weight: 4.0 0.0 NaN
1330;1331;1332;1333;1334
time: 45206.333333333336 ms
weight: 9.0 0.0 NaN
1335;1336
time: 12512.0 ms
weight: 0.0 0.0 NaN
1337;1338;1339;1340
time: 26501.333333333332 ms
weight: 5.0 0.0 NaN
1341;1342;1343
time: 19292.0 ms
weight: 5.0 0.0 NaN
1344;1345
time: 12622.666666666666 ms
weight: 2.0 0.0 NaN
1346;1347
time: 12516.0 ms
weight: 5.0 0.0 NaN
1348;1349;1350
time: 19329.0 ms
weight: 2.0 0.0 NaN
1351;1352;1353
time: 19008.666666666668 ms
weight: 6.0 0.0 NaN
1354;1355
time: 12674.666666666666 ms
weight: 3.0 0.0 NaN
1356;1357;1358
time: 20104.0 ms
weight: 4.0 0.0 NaN
1359;1360
time: 12604.0 ms
weight: 2.0 0.0 NaN
1361;1362;1363
time: 18650.333333333332 ms
weight: 4.0 0.0 NaN
1364;1365;1366;1367
time: 25697.0 ms
weight: 7.0 0.0 NaN
1368;1369
time: 12774.333333333334 ms
weight: 4.0 0.0 NaN
1370;1371
time: 12964.0 ms
weight: 3.0 0.0 NaN
1372;1373
time: 12610.333333333334 ms
weight: 4.0 0.0 NaN
1374;1375
time: 12254.0 ms
weight: 3.0 0.0 NaN
1376;1377
time: 13317.666666666666 ms
weight: 0.0 0.0 0.0
1378;1379;1380;1381
time: 25668.666666666668 ms
weight: 4.0 0.0 NaN
1382;1383
time: 12566.666666666666 ms
weight: 3.0 0.0 NaN
1384;1385;1386
time: 19104.0 ms
weight: 6.0 0.0 NaN
1387;1388;1389
time: 18425.0 ms
weight: 5.0 0.0 NaN
1390;1391;1392
time: 18528.333333333332 ms
weight: 6.0 0.0 NaN
1393;1394;1395;1396;1397
time: 37410.666666666664 ms
weight: 7.0 0.0 NaN
1398;1399
time: 12534.333333333334 ms
weight: 0.0 0.0 0.0
1400;1401;1402
time: 19395.333333333332 ms
weight: 3.0 0.0 NaN
1403;1404
time: 12669.666666666666 ms
weight: 4.0 0.0 NaN
1405;1406
time: 12068.333333333334 ms
weight: 2.0 0.0 NaN
1407;1408;1409
time: 18462.333333333332 ms
weight: 3.0 0.0 NaN
1410;1411
time: 12084.333333333334 ms
weight: 0.0 0.0 0.0
1412
time: 6079.333333333333 ms
weight: 0.0 0.0 0.0
1413;1414;1415
time: 19675.666666666668 ms
weight: 3.0 0.0 NaN
1416;1417;1418
time: 18587.666666666668 ms
weight: 5.0 0.0 NaN
1419;1420;1421
time: 19596.666666666668 ms
weight: 4.0 0.0 NaN
1422;1423
time: 12401.666666666666 ms
weight: 3.0 0.0 NaN
1424;1425
time: 12485.666666666666 ms
weight: 2.0 0.0 NaN
1426;1427
time: 12099.333333333334 ms
weight: 0.0 0.0 0.0
1428;1429
time: 12985.333333333334 ms
weight: 2.0 0.0 NaN
1430;1431
time: 13353.0 ms
weight: 3.0 0.0 NaN
1432;1433
time: 13024.333333333334 ms
weight: 3.0 0.0 NaN
1434;1435
time: 12722.333333333334 ms
weight: 2.0 0.0 NaN
1436;1437
time: 12596.666666666666 ms
weight: 4.0 0.0 NaN
1438;1439
time: 12281.333333333334 ms
weight: 5.0 0.0 NaN
1440;1441;1442
time: 18580.333333333332 ms
weight: 7.0 0.0 NaN
1443;1444
time: 12147.666666666666 ms
weight: 0.0 0.0 0.0
1445;1446
time: 12594.666666666666 ms
weight: 2.0 0.0 NaN
1447;1448
time: 12408.333333333334 ms
weight: 3.0 0.0 NaN
1449;1450
time: 12069.0 ms
weight: 4.0 0.0 NaN
1451;1452;1453
time: 18793.666666666668 ms
weight: 3.0 0.0 NaN
1454;1455
time: 12515.666666666666 ms
weight: 0.0 0.0 0.0
1456;1457
time: 12400.333333333334 ms
weight: 4.0 0.0 NaN
1458;1459;1460;1461
time: 26840.666666666668 ms
weight: 10.0 0.0 NaN
1462;1463;1464
time: 18638.0 ms
weight: 3.0 0.0 NaN
1465;1466;1467;1468
time: 26945.0 ms
weight: 4.0 0.0 NaN
1469;1470;1471
time: 19169.666666666668 ms
weight: 4.0 0.0 NaN
1472;1473;1474
time: 19431.333333333332 ms
weight: 6.0 0.0 NaN
1475;1476;1477
time: 19067.666666666668 ms
weight: 7.0 0.0 NaN
1478;1479;1480;1481
time: 27265.333333333332 ms
weight: 7.0 0.0 NaN
1482;1483
time: 12656.0 ms
weight: 2.0 0.0 NaN
1484;1485;1486;1487
time: 26391.0 ms
weight: 7.0 0.0 NaN
1488;1489;1490
time: 18777.0 ms
weight: 3.0 0.0 NaN
1491;1492;1493;1494
time: 24770.0 ms
weight: 5.0 0.0 NaN
1495;1496;1497;1498
time: 26545.0 ms
weight: 6.0 0.0 NaN
1499;1500;1501
time: 18725.333333333332 ms
weight: 4.0 0.0 NaN
1502;1503;1504;1505;1506
time: 41358.0 ms
weight: 12.0 0.0 NaN
1507;1508;1509
time: 18719.0 ms
weight: 5.0 0.0 NaN
1510;1511;1512;1513
time: 26515.333333333332 ms
weight: 8.0 0.0 NaN
1514;1515;1516
time: 19169.333333333332 ms
weight: 3.0 0.0 NaN
1517;1518
time: 12606.0 ms
weight: 3.0 0.0 NaN
1519;1520;1521;1522
time: 25163.666666666668 ms
weight: 9.0 0.0 NaN
1523;1524;1525;1526;1527;1528
time: 83467.0 ms
weight: 16.0 0.0 NaN
1529;1530;1531
time: 18721.0 ms
weight: 8.0 0.0 NaN
1532;1533;1534;1535
time: 27167.333333333332 ms
weight: 8.0 0.0 NaN
1536;1537;1538;1539;1540
time: 37100.0 ms
weight: 8.0 0.0 NaN
1541;1542;1543;1544
time: 25891.666666666668 ms
weight: 7.0 0.0 NaN
1545;1546;1547;1548
time: 45197.666666666664 ms
weight: 8.0 0.0 NaN
1549;1550;1551
time: 19134.0 ms
weight: 3.0 0.0 NaN
1552;1553;1554
time: 18565.666666666668 ms
weight: 5.0 0.0 NaN
1555;1556;1557
time: 18750.0 ms
weight: 5.0 0.0 NaN
1558;1559;1560
time: 18311.0 ms
weight: 8.0 0.0 NaN
1561;1562;1563
time: 19187.333333333332 ms
weight: 3.0 0.0 NaN
1564;1565;1566;1567
time: 31376.0 ms
weight: 6.0 0.0 NaN
1568;1569;1570;1571
time: 26774.666666666668 ms
weight: 5.0 0.0 NaN
1572;1573
time: 12729.666666666666 ms
weight: 2.0 0.0 NaN
1574;1575;1576;1577
time: 25252.666666666668 ms
weight: 7.0 0.0 NaN
1578;1579;1580;1581
time: 25674.666666666668 ms
weight: 9.0 0.0 NaN
1582;1583;1584
time: 19229.0 ms
weight: 9.0 0.0 NaN
1585;1586;1587;1588;1589
time: 60521.0 ms
weight: 8.0 0.0 NaN
1590;1591;1592
time: 19105.333333333332 ms
weight: 4.0 0.0 NaN
1593;1594
time: 12232.333333333334 ms
weight: 3.0 0.0 NaN
1595;1596;1597
time: 18494.333333333332 ms
weight: 4.0 0.0 NaN
1598;1599;1600
time: 18065.666666666668 ms
weight: 7.0 0.0 NaN
1601;1602;1603;1604
time: 25824.0 ms
weight: 6.0 0.0 NaN
1605;1606;1607
time: 18636.333333333332 ms
weight: 5.0 0.0 NaN
1608;1609;1610;1611;1612;1613
time: 200005.66666666666 ms
weight: -1.0 -1.0 -1.0
1614;1615;1616;1617
time: 25925.0 ms
weight: 4.0 0.0 NaN
1618;1619;1620
time: 18847.0 ms
weight: 5.0 0.0 NaN
1621;1622;1623;1624
time: 27094.666666666668 ms
weight: 7.0 0.0 NaN
1625;1626;1627;1628;1629
time: 43621.666666666664 ms
weight: 8.0 0.0 NaN
1630;1631;1632;1633
time: 26934.666666666668 ms
weight: 9.0 0.0 NaN
1634;1635;1636;1637;1638
time: 56619.0 ms
weight: 5.0 0.0 NaN
1639;1640;1641;1642
time: 27939.666666666668 ms
weight: 8.0 0.0 NaN
1643;1644;1645
time: 18924.0 ms
weight: 4.0 0.0 NaN
1646;1647;1648;1649
time: 26180.0 ms
weight: 8.0 0.0 NaN
1650;1651;1652;1653
time: 27734.666666666668 ms
weight: 5.0 0.0 NaN
1654;1655;1656;1657
time: 27643.333333333332 ms
weight: 7.0 0.0 NaN
1658;1659;1660;1661
time: 27646.333333333332 ms
weight: 5.0 0.0 NaN
1662;1663;1664;1665;1666;1667
time: 181014.0 ms
weight: 13.0 0.0 NaN
1668;1669;1670;1671
time: 26397.0 ms
weight: 9.0 0.0 NaN
1672;1673;1674
time: 19182.333333333332 ms
weight: 5.0 0.0 NaN
1675;1676;1677;1678
time: 26316.0 ms
weight: 9.0 0.0 NaN
1679;1680;1681;1682;1683;1684;1685
time: 200005.33333333334 ms
weight: -1.0 -1.0 -1.0
1686;1687;1688;1689;1690;1691
time: 123335.66666666667 ms
weight: 10.0 0.0 NaN
1692;1693;1694;1695;1696
time: 52279.666666666664 ms
weight: 7.0 0.0 NaN
1697;1698;1699;1700
time: 25746.0 ms
weight: 5.0 0.0 NaN
1701;1702;1703;1704
time: 25153.666666666668 ms
weight: 9.0 0.0 NaN
1705;1706;1707;1708
time: 34719.666666666664 ms
weight: 10.0 0.0 NaN
1709;1710;1711;1712;1713
time: 3.6666666666666665 ms
weight: -1.0 -1.0 -1.0
1714;1715;1716;1717;1718
time: 71140.0 ms
weight: 8.0 0.0 NaN
avg time: 47153.99238964992 ms
avg weight: 5.036529680365297 -0.1187214611872146 NaN
