0;1;2
time: 24412.0 ms
weight: 59.8360904744972 0.0 NaN
3;4;5
time: 26784.0 ms
weight: 70.15223039674036 0.0 NaN
6;7;8
time: 23609.0 ms
weight: 72.91622639344415 0.0 NaN
9;10;11
time: 22751.0 ms
weight: 48.30872329930654 0.0 NaN
12;13;14;15
time: 37108.0 ms
weight: 60.527656774895576 0.0 NaN
16;17;18
time: 25179.0 ms
weight: 49.82485127933699 0.0 NaN
19;20;21
time: 22519.0 ms
weight: 38.547725932227664 0.0 NaN
22;23;24
time: 21537.0 ms
weight: 34.986636168285216 0.0 NaN
25;26;27
time: 22490.0 ms
weight: 32.016623982188435 0.0 NaN
28;29;30
time: 23489.0 ms
weight: 27.106274986916127 0.0 NaN
31;32;33
time: 25974.0 ms
weight: 35.52779744157132 0.0 NaN
34;35;36
time: 24341.0 ms
weight: 34.51346815891293 0.0 NaN
37;38;39
time: 23856.0 ms
weight: 69.38955845344876 0.0 NaN
40;41;42
time: 23267.0 ms
weight: 66.19470409968181 0.0 NaN
43;44;45
time: 22413.0 ms
weight: 64.75480717424587 0.0 NaN
46;47;48
time: 21550.0 ms
weight: 87.4471724796501 0.0 NaN
49;50;51
time: 21174.0 ms
weight: 85.1261007073127 0.0 NaN
52;53;54
time: 24170.0 ms
weight: 90.50093824352379 0.0 NaN
55;56;57
time: 24993.0 ms
weight: 43.500233528523545 0.0 NaN
58;59;60
time: 25349.0 ms
weight: 48.667267027935694 0.0 NaN
61;62;63
time: 21041.0 ms
weight: 40.02754002187481 0.0 NaN
64;65;66
time: 20418.0 ms
weight: 44.82333056747155 0.0 NaN
67;68;69
time: 22735.0 ms
weight: 36.05613568902437 0.0 NaN
70;71;72
time: 24789.0 ms
weight: 37.111762287221765 0.0 NaN
73;74;75
time: 23530.0 ms
weight: 61.02052034740228 0.0 NaN
76;77;78;79
time: 32911.0 ms
weight: 69.61801563583408 0.0 NaN
80;81;82
time: 21847.0 ms
weight: 55.3474621986068 0.0 NaN
83;84;85;86
time: 33527.0 ms
weight: 88.05926826953811 0.0 NaN
87;88
time: 16192.0 ms
weight: 24.78019916175563 0.0 NaN
89;90;91;92
time: 29364.0 ms
weight: 49.20155421209568 0.0 NaN
93;94;95;96
time: 31357.0 ms
weight: 104.43735226188029 0.0 NaN
97;98
time: 13649.0 ms
weight: 22.587434656844355 0.0 NaN
99;100;101;102;103;104
time: 126122.0 ms
weight: 99.56482470621341 0.0 NaN
105;106;107;108;109
time: 49577.0 ms
weight: 100.87772115932717 0.0 NaN
110;111;112;113
time: 32226.0 ms
weight: 104.80858810212345 0.0 NaN
114;115;116;117
time: 32546.0 ms
weight: 35.4946411695888 0.0 NaN
118;119;120;121
time: 33988.0 ms
weight: 76.8170526095767 0.0 NaN
122
time: 8807.0 ms
weight: 0.0 0.0 0.0
123;124;125;126
time: 33337.0 ms
weight: 90.75499826141053 0.0 NaN
127;128
time: 16655.0 ms
weight: 27.106274986916127 0.0 NaN
129;130
time: 16714.0 ms
weight: 50.87655180859592 0.0 NaN
131;132
time: 15974.0 ms
weight: 23.071379196759572 0.0 NaN
133;134;135;136
time: 36033.0 ms
weight: 75.78785607751166 0.0 NaN
137;138;139
time: 22815.0 ms
weight: 88.06539215860113 0.0 NaN
140;141;142
time: 23920.0 ms
weight: 78.93379822121611 0.0 NaN
143;144;145;146;147
time: 70340.0 ms
weight: 72.00950662185062 0.0 NaN
148;149;150
time: 23998.0 ms
weight: 31.106400924864914 0.0 NaN
151;152
time: 14623.0 ms
weight: 56.82755732470481 0.0 NaN
153;154;155
time: 21792.0 ms
weight: 49.304136459771584 0.0 NaN
156;157;158;159
time: 34197.0 ms
weight: 68.29143972972902 0.0 NaN
160;161;162;163;164;165
time: 72675.0 ms
weight: 135.7454563083666 0.0 NaN
166;167;168;169;170;171
time: 120538.0 ms
weight: 93.05475879267476 0.0 NaN
172;173;174;175;176;177;178;179;180
time: 200331.0 ms
weight: -1.0 -1.0 -1.0
181;182;183;184;185;186;187;188
time: 200367.0 ms
weight: -1.0 -1.0 -1.0
189;190;191;192;193;194;195
time: 200338.0 ms
weight: -1.0 -1.0 -1.0
196;197;198;199;200;201
time: 117876.0 ms
weight: 112.61781132075171 0.0 NaN
202;203;204;205;206;207;208
time: 200216.0 ms
weight: -1.0 -1.0 -1.0
209;210;211;212;213;214;215;216;217;218
time: 201313.0 ms
weight: -1.0 -1.0 -1.0
219;220;221;222;223;224;225
time: 12.0 ms
weight: -1.0 -1.0 -1.0
226;227;228;229;230;231;232
time: 200126.0 ms
weight: -1.0 -1.0 -1.0
233;234;235;236;237;238;239
time: 200004.0 ms
weight: -1.0 -1.0 -1.0
240;241;242
time: 26263.0 ms
weight: 35.29722738960696 0.0 NaN
243;244;245;246;247;248;249
time: 200065.0 ms
weight: -1.0 -1.0 -1.0
250;251;252;253;254
time: 48149.0 ms
weight: 78.55965465330603 0.0 NaN
255;256;257;258;259;260
time: 83566.0 ms
weight: 104.99906097554205 0.0 NaN
261;262;263;264
time: 32925.0 ms
weight: 88.07495534570965 0.0 NaN
265;266;267;268
time: 32356.0 ms
weight: 59.648515866938844 0.0 NaN
269;270;271;272
time: 31825.0 ms
weight: 137.4449507384893 0.0 NaN
273;274;275;276;277;278
time: 117880.0 ms
weight: 119.74390693641885 0.0 NaN
279;280;281;282
time: 30810.0 ms
weight: 45.544062188156005 0.0 NaN
283;284;285;286;287;288;289
time: 139167.0 ms
weight: 89.6349245009919 0.0 NaN
290;291;292
time: 25867.0 ms
weight: 72.56412399276712 0.0 NaN
293;294
time: 16310.0 ms
weight: 33.00316554049253 0.0 NaN
295;296;297;298;299
time: 72101.0 ms
weight: 63.97932758216726 0.0 NaN
300;301;302;303;304
time: 46246.0 ms
weight: 80.77247100768318 0.0 NaN
305;306;307;308;309;310;311;312;313;314
time: 200467.0 ms
weight: -1.0 -1.0 -1.0
315;316;317;318;319;320
time: 117745.0 ms
weight: 98.48384041406035 0.0 NaN
321;322;323;324;325;326;327
time: 114031.0 ms
weight: 109.50685487236652 0.0 NaN
328;329;330;331;332;333;334;335;336
time: 202703.0 ms
weight: -1.0 -1.0 -1.0
337;338
time: 15801.0 ms
weight: 27.106274986916127 0.0 NaN
339;340;341;342;343
time: 51725.0 ms
weight: 105.40371572669463 0.0 NaN
344;345;346
time: 23226.0 ms
weight: 50.59656628393417 0.0 NaN
347;348;349;350
time: 38175.0 ms
weight: 66.33402065797338 0.0 NaN
351;352;353;354;355
time: 53928.0 ms
weight: 106.28831683717056 0.0 NaN
356;357;358;359;360
time: 53963.0 ms
weight: 95.78667169484625 0.0 NaN
361;362;363;364;365
time: 40093.0 ms
weight: 86.78007208980426 0.0 NaN
366;367;368
time: 25525.0 ms
weight: 80.71617897633615 0.0 NaN
369;370;371;372;373
time: 76467.0 ms
weight: 122.48379684275388 0.0 NaN
374;375;376;377;378;379
time: 103741.0 ms
weight: 144.61464049906732 0.0 NaN
380;381;382;383
time: 30035.0 ms
weight: 48.77011422179925 0.0 NaN
384;385;386
time: 25383.0 ms
weight: 30.39297513253253 0.0 NaN
387;388;389;390
time: 30905.0 ms
weight: 117.72566266552356 0.0 NaN
391;392;393;394;395;396
time: 177176.0 ms
weight: 150.74606788606673 0.0 NaN
397;398;399;400
time: 34490.0 ms
weight: 37.7759166011069 0.0 NaN
401;402;403
time: 26372.0 ms
weight: 55.879148689898614 0.0 NaN
404;405;406
time: 24359.0 ms
weight: 49.42712928688144 0.0 NaN
407;408;409;410
time: 29574.0 ms
weight: 65.99162742472234 0.0 NaN
411;412
time: 14230.0 ms
weight: 48.32544964324192 0.0 NaN
413;414;415;416
time: 36039.0 ms
weight: 50.39707788697789 0.0 NaN
417;418;419;420
time: 30149.0 ms
weight: 71.93031399244764 0.0 NaN
421;422;423;424;425
time: 42615.0 ms
weight: 98.5773097855971 0.0 NaN
426;427;428;429;430
time: 53756.0 ms
weight: 129.32517318171674 0.0 NaN
431;432;433;434;435
time: 68754.0 ms
weight: 77.8313936341456 0.0 NaN
436;437;438
time: 25294.0 ms
weight: 69.92815897967907 0.0 NaN
439;440;441;442
time: 31157.0 ms
weight: 98.41881184315142 0.0 NaN
443;444;445;446;447;448;449
time: 200025.0 ms
weight: -1.0 -1.0 -1.0
450;451;452;453;454
time: 4.0 ms
weight: -1.0 -1.0 -1.0
455;456;457;458
time: 36486.0 ms
weight: 73.31254837478522 0.0 NaN
459;460;461;462;463
time: 45966.0 ms
weight: 74.34551320660627 0.0 NaN
464;465;466;467;468;469;470
time: 200109.0 ms
weight: -1.0 -1.0 -1.0
471;472;473;474;475
time: 78284.0 ms
weight: 88.25566043969017 0.0 NaN
476;477;478;479
time: 39071.0 ms
weight: 76.26329128785285 0.0 NaN
480;481;482;483;484;485;486
time: 200005.0 ms
weight: -1.0 -1.0 -1.0
487;488;489;490;491;492;493
time: 178766.0 ms
weight: 100.09043932705039 0.0 NaN
494;495;496;497
time: 36078.0 ms
weight: 78.35616911191505 0.0 NaN
498;499;500;501;502
time: 57398.0 ms
weight: 91.2626644215274 0.0 NaN
503;504;505;506
time: 34699.0 ms
weight: 75.01864787734584 0.0 NaN
507;508;509;510;511
time: 48960.0 ms
weight: 91.13391262128769 0.0 NaN
512;513;514;515
time: 31952.0 ms
weight: 66.85028125733615 0.0 NaN
516;517;518;519
time: 31283.0 ms
weight: 80.01078516536741 0.0 NaN
520;521;522;523
time: 34147.0 ms
weight: 58.18251298535291 0.0 NaN
524;525;526;527;528
time: 49868.0 ms
weight: 88.9999948955146 0.0 NaN
529;530;531;532;533;534;535;536
time: 200056.0 ms
weight: -1.0 -1.0 -1.0
537;538;539;540
time: 30802.0 ms
weight: 62.167462803311594 0.0 NaN
541;542;543;544;545;546
time: 56375.0 ms
weight: 135.3615620102371 0.0 NaN
547;548;549;550;551
time: 52615.0 ms
weight: 102.6978502100155 0.0 NaN
552;553;554
time: 24754.0 ms
weight: 67.69601206720276 0.0 NaN
555;556
time: 13707.0 ms
weight: 24.929462924058065 0.0 NaN
557;558;559;560;561
time: 58416.0 ms
weight: 92.98658631700314 0.0 NaN
562;563;564
time: 24746.0 ms
weight: 65.67587879056833 0.0 NaN
565;566;567;568
time: 34728.0 ms
weight: 64.97941261716645 0.0 NaN
569;570
time: 16202.0 ms
weight: 33.26540287516594 0.0 NaN
571;572;573;574
time: 35805.0 ms
weight: 85.17714396444461 0.0 NaN
575;576;577;578;579
time: 92023.0 ms
weight: 77.7807338788575 0.0 NaN
580;581;582;583;584;585
time: 184368.0 ms
weight: 129.35266020042704 0.0 NaN
586;587;588;589
time: 45364.0 ms
weight: 72.15326248442005 0.0 NaN
590;591
time: 15813.0 ms
weight: 21.393198556960776 0.0 NaN
592;593
time: 15384.0 ms
weight: 24.226443889018874 0.0 NaN
594;595;596;597;598
time: 92444.0 ms
weight: 81.55214126089666 0.0 NaN
599;600;601
time: 23285.0 ms
weight: 64.16790500459281 0.0 NaN
602;603;604;605;606
time: 45822.0 ms
weight: 104.17681077712592 0.0 NaN
607;608;609;610
time: 34408.0 ms
weight: 84.41175981431394 0.0 NaN
611;612
time: 17064.0 ms
weight: 42.22202681911364 0.0 NaN
613;614;615;616
time: 30717.0 ms
weight: 65.8566302989145 0.0 NaN
617;618;619;620;621;622
time: 90231.0 ms
weight: 122.62369822750452 0.0 NaN
623;624;625;626;627;628
time: 200027.0 ms
weight: -1.0 -1.0 -1.0
629;630;631;632;633;634;635;636;637
time: 200954.0 ms
weight: -1.0 -1.0 -1.0
638;639;640;641
time: 33964.0 ms
weight: 64.9532971252664 0.0 NaN
642;643;644
time: 22844.0 ms
weight: 55.47924549939165 0.0 NaN
645;646
time: 14538.0 ms
weight: 20.08255633172029 0.0 NaN
647;648;649;650
time: 30111.0 ms
weight: 74.82457998786057 0.0 NaN
651;652;653;654;655;656;657
time: 200008.0 ms
weight: -1.0 -1.0 -1.0
658;659
time: 16139.0 ms
weight: 52.696069078363394 0.0 NaN
660;661
time: 15262.0 ms
weight: 33.57762715379112 0.0 NaN
662;663;664;665
time: 37042.0 ms
weight: 100.03368982842571 0.0 NaN
666;667;668;669;670;671
time: 200024.0 ms
weight: -1.0 -1.0 -1.0
672;673;674;675;676
time: 51438.0 ms
weight: 79.57540267228308 0.0 NaN
677;678;679;680;681;682
time: 99104.0 ms
weight: 79.90757959126222 0.0 NaN
683;684;685;686;687;688;689
time: 132658.0 ms
weight: 160.2215828280997 0.0 NaN
690;691;692;693;694
time: 45422.0 ms
weight: 87.75414393529348 0.0 NaN
695;696;697;698
time: 35578.0 ms
weight: 82.96838184731953 0.0 NaN
699;700
time: 17368.0 ms
weight: 48.87057418004112 0.0 NaN
701;702;703
time: 22492.0 ms
weight: 36.73618912816333 0.0 NaN
704;705;706;707
time: 29815.0 ms
weight: 87.29732461712852 0.0 NaN
708;709
time: 14328.0 ms
weight: 38.50183444972269 0.0 NaN
710;711;712
time: 21544.0 ms
weight: 62.921676035827836 0.0 NaN
713;714;715;716;717
time: 65384.0 ms
weight: 174.49516237617723 0.0 NaN
718;719;720;721;722
time: 47211.0 ms
weight: 104.23353244870377 0.0 NaN
723;724;725
time: 36.0 ms
weight: -1.0 -1.0 -1.0
726;727;728;729;730
time: 48673.0 ms
weight: 126.88011869521551 0.0 NaN
731;732;733;734
time: 29429.0 ms
weight: 79.41518712658865 0.0 NaN
735;736;737;738;739;740
time: 116339.0 ms
weight: 145.86189863293063 0.0 NaN
741;742;743;744;745
time: 52215.0 ms
weight: 93.64807345894334 0.0 NaN
746;747;748
time: 21.0 ms
weight: -1.0 -1.0 -1.0
749;750;751;752;753
time: 47309.0 ms
weight: 137.9151462585013 0.0 NaN
754;755;756
time: 23076.0 ms
weight: 50.970619357839006 0.0 NaN
757;758;759;760;761
time: 48181.0 ms
weight: 101.56870931599998 0.0 NaN
762;763;764;765;766
time: 44882.0 ms
weight: 77.43894427085112 0.0 NaN
767;768;769;770
time: 33741.0 ms
weight: 53.330784852315176 0.0 NaN
771;772;773
time: 22005.0 ms
weight: 49.905883069397284 0.0 NaN
774;775;776;777;778
time: 45323.0 ms
weight: 112.5048447517824 0.0 NaN
779;780;781;782;783
time: 52186.0 ms
weight: 143.08796668934437 0.0 NaN
784;785;786;787;788;789
time: 145965.0 ms
weight: 165.24519502462488 0.0 NaN
790;791;792;793;794
time: 39792.0 ms
weight: 66.99581920742555 0.0 NaN
795;796;797;798;799;800;801;802
time: 200126.0 ms
weight: -1.0 -1.0 -1.0
803;804;805;806
time: 31243.0 ms
weight: 42.6863801633837 0.0 NaN
807;808
time: 15940.0 ms
weight: 38.57244996660279 0.0 NaN
809;810;811;812;813;814;815;816
time: 200442.0 ms
weight: -1.0 -1.0 -1.0
817;818;819;820;821;822
time: 79198.0 ms
weight: 126.4254735877825 0.0 NaN
823;824;825;826
time: 29243.0 ms
weight: 65.45786202682463 0.0 NaN
827;828;829;830
time: 31182.0 ms
weight: 98.46520388826445 0.0 NaN
831;832;833
time: 23355.0 ms
weight: 56.0195086528964 0.0 NaN
834;835;836;837
time: 35716.0 ms
weight: 97.75855191777435 0.0 NaN
838;839;840;841;842;843;844;845
time: 200222.0 ms
weight: -1.0 -1.0 -1.0
846;847;848;849;850;851
time: 62230.0 ms
weight: 116.74898269792442 0.0 NaN
852;853;854;855
time: 32735.0 ms
weight: 60.07862790625487 0.0 NaN
856;857;858;859;860
time: 45496.0 ms
weight: 113.15710496210068 0.0 NaN
861;862;863;864;865;866;867;868;869
time: 200108.0 ms
weight: -1.0 -1.0 -1.0
870;871;872;873;874;875;876;877
time: 200119.0 ms
weight: -1.0 -1.0 -1.0
878;879;880;881;882
time: 75525.0 ms
weight: 82.05350953626379 0.0 NaN
883;884;885;886
time: 6.0 ms
weight: -1.0 -1.0 -1.0
887;888;889;890;891;892
time: 118342.0 ms
weight: 149.89946899037736 0.0 NaN
893;894;895;896;897;898;899
time: 200009.0 ms
weight: -1.0 -1.0 -1.0
900;901
time: 15701.0 ms
weight: 48.73552488175421 0.0 NaN
902;903;904;905
time: 30165.0 ms
weight: 52.69197423576598 0.0 NaN
906;907;908;909
time: 34105.0 ms
weight: 74.6860685873167 0.0 NaN
910;911;912;913;914
time: 83378.0 ms
weight: 136.14244254299254 0.0 NaN
915;916;917;918
time: 30972.0 ms
weight: 47.81360389881403 0.0 NaN
919;920;921;922;923;924
time: 33.0 ms
weight: -1.0 -1.0 -1.0
925;926;927;928;929
time: 40780.0 ms
weight: 53.86338005110082 0.0 NaN
930;931;932;933
time: 31672.0 ms
weight: 95.71911150215278 0.0 NaN
934;935;936;937;938;939;940
time: 200008.0 ms
weight: -1.0 -1.0 -1.0
941;942
time: 15097.0 ms
weight: 58.01130393734961 0.0 NaN
943;944;945;946
time: 31783.0 ms
weight: 73.8966410988076 0.0 NaN
947;948;949;950
time: 32033.0 ms
weight: 59.042243433310226 0.0 NaN
951;952;953
time: 24868.0 ms
weight: 31.318562856764533 0.0 NaN
954;955;956
time: 23534.0 ms
weight: 34.66998686845236 0.0 NaN
957;958;959;960;961;962
time: 105196.0 ms
weight: 145.83145496188897 0.0 NaN
963;964;965;966
time: 38037.0 ms
weight: 94.22285436364767 0.0 NaN
967;968;969;970;971;972;973
time: 200004.0 ms
weight: -1.0 -1.0 -1.0
974;975;976;977;978
time: 52227.0 ms
weight: 111.21173933430694 0.0 NaN
979;980;981;982;983
time: 54559.0 ms
weight: 98.95989134261873 0.0 NaN
984;985;986;987
time: 28535.0 ms
weight: 69.79926088196282 0.0 NaN
988;989;990;991;992;993
time: 98346.0 ms
weight: 116.57203345820805 0.0 NaN
994;995;996
time: 22996.0 ms
weight: 30.583347366804094 0.0 NaN
997;998;999;1000;1001
time: 8.0 ms
weight: -1.0 -1.0 -1.0
1002;1003;1004;1005;1006;1007;1008
time: 200076.0 ms
weight: -1.0 -1.0 -1.0
1009;1010;1011
time: 24936.0 ms
weight: 59.29855529652023 0.0 NaN
1012;1013;1014;1015;1016;1017
time: 200005.0 ms
weight: -1.0 -1.0 -1.0
1018;1019;1020;1021;1022;1023
time: 88017.0 ms
weight: 131.64492552273308 0.0 NaN
1024;1025;1026
time: 24422.0 ms
weight: 32.46386050815556 0.0 NaN
1027;1028;1029;1030
time: 33818.0 ms
weight: 44.19274321014281 0.0 NaN
1031;1032;1033
time: 21573.0 ms
weight: 58.22023087180287 0.0 NaN
1034;1035;1036;1037
time: 28213.0 ms
weight: 69.60845609012942 0.0 NaN
1038;1039;1040
time: 19748.0 ms
weight: 65.72517959223447 0.0 NaN
1041;1042;1043
time: 24131.0 ms
weight: 68.61138734600858 0.0 NaN
1044;1045;1046;1047
time: 30191.0 ms
weight: 52.5866714685651 0.0 NaN
1048;1049;1050;1051;1052
time: 73868.0 ms
weight: 68.74170701674963 0.0 NaN
1053;1054;1055
time: 21150.0 ms
weight: 36.145676365259376 0.0 NaN
1056;1057;1058;1059
time: 30351.0 ms
weight: 90.51580832737426 0.0 NaN
1060;1061;1062;1063
time: 32335.0 ms
weight: 68.15638477140712 0.0 NaN
1064;1065;1066;1067
time: 31777.0 ms
weight: 71.42012800373186 0.0 NaN
1068;1069;1070;1071;1072
time: 60177.0 ms
weight: 120.14528215874735 0.0 NaN
1073;1074;1075;1076;1077;1078;1079;1080;1081
time: 200505.0 ms
weight: -1.0 -1.0 -1.0
1082;1083;1084
time: 24415.0 ms
weight: 46.671723821581054 0.0 NaN
1085;1086;1087;1088;1089
time: 53504.0 ms
weight: 84.38555673965857 0.0 NaN
1090;1091;1092;1093;1094
time: 56085.0 ms
weight: 66.89486543416274 0.0 NaN
1095;1096
time: 15316.0 ms
weight: 44.35562490161429 0.0 NaN
1097;1098;1099;1100;1101
time: 55776.0 ms
weight: 124.03924000724069 0.0 NaN
1102;1103;1104;1105;1106;1107;1108
time: 200005.0 ms
weight: -1.0 -1.0 -1.0
1109;1110;1111;1112;1113;1114;1115;1116
time: 200014.0 ms
weight: -1.0 -1.0 -1.0
1117;1118;1119;1120
time: 42138.0 ms
weight: 85.97907659292878 0.0 NaN
1121;1122;1123;1124;1125;1126
time: 200007.0 ms
weight: -1.0 -1.0 -1.0
1127;1128;1129;1130;1131
time: 44159.0 ms
weight: 93.73032060456232 0.0 NaN
1132;1133;1134;1135;1136;1137;1138
time: 200013.0 ms
weight: -1.0 -1.0 -1.0
1139;1140;1141
time: 24728.0 ms
weight: 30.53504593249166 0.0 NaN
1142;1143
time: 15457.0 ms
weight: 53.17230347482412 0.0 NaN
1144;1145;1146;1147;1148;1149;1150;1151
time: 200015.0 ms
weight: -1.0 -1.0 -1.0
1152;1153;1154;1155;1156;1157;1158
time: 200012.0 ms
weight: -1.0 -1.0 -1.0
1159;1160;1161;1162;1163;1164
time: 187933.0 ms
weight: 102.70499624185297 0.0 NaN
1165;1166;1167;1168;1169
time: 39671.0 ms
weight: 65.03971486393402 0.0 NaN
1170;1171;1172;1173;1174
time: 45012.0 ms
weight: 70.35849421769458 0.0 NaN
1175;1176;1177;1178;1179
time: 70619.0 ms
weight: 92.60602564452921 0.0 NaN
1180;1181;1182;1183
time: 31989.0 ms
weight: 99.00427227437156 0.0 NaN
1184;1185;1186;1187;1188
time: 64856.0 ms
weight: 85.74580797209758 0.0 NaN
1189;1190;1191;1192
time: 33333.0 ms
weight: 65.68231207548855 0.0 NaN
1193;1194;1195;1196;1197;1198;1199;1200
time: 200541.0 ms
weight: -1.0 -1.0 -1.0
1201;1202;1203;1204
time: 34529.0 ms
weight: 82.36118215204806 0.0 NaN
1205;1206;1207;1208
time: 32418.0 ms
weight: 84.00876184844691 0.0 NaN
1209;1210;1211;1212;1213
time: 79884.0 ms
weight: -1.0 -1.0 -1.0
1214;1215;1216;1217
time: 30345.0 ms
weight: 92.08875487843554 0.0 NaN
1218;1219
time: 14119.0 ms
weight: 22.925296108414667 0.0 NaN
1220;1221;1222
time: 21714.0 ms
weight: 34.805539068222664 0.0 NaN
1223;1224;1225
time: 24741.0 ms
weight: 51.064542173623295 0.0 NaN
1226;1227;1228
time: 22092.0 ms
weight: 35.5942364900865 0.0 NaN
1229;1230
time: 15199.0 ms
weight: 7.288927694521257 0.0 NaN
1231;1232
time: 16390.0 ms
weight: 43.841558696377305 0.0 NaN
1233;1234
time: 15015.0 ms
weight: 35.751574670356455 0.0 NaN
1235;1236;1237
time: 24159.0 ms
weight: 49.92625328959858 0.0 NaN
1238;1239;1240
time: 22452.0 ms
weight: 45.84236532205563 0.0 NaN
1241;1242
time: 15350.0 ms
weight: 19.64010318858819 0.0 NaN
1243;1244
time: 16875.0 ms
weight: 23.309452628979763 0.0 NaN
1245;1246;1247
time: 24116.0 ms
weight: 37.225595222554624 0.0 NaN
1248;1249
time: 14846.0 ms
weight: 45.19626264683097 0.0 NaN
1250;1251
time: 15661.0 ms
weight: 22.246004947243364 0.0 NaN
1252;1253
time: 15519.0 ms
weight: 38.57244996660279 0.0 NaN
1254;1255
time: 3.0 ms
weight: -1.0 -1.0 -1.0
1256;1257
time: 16403.0 ms
weight: 36.6949147989277 0.0 NaN
1258;1259
time: 15934.0 ms
weight: 0.0 0.0 0.0
1260
time: 7981.0 ms
weight: 0.0 0.0 0.0
1261;1262
time: 16606.0 ms
weight: 0.0 0.0 0.0
1263;1264
time: 16597.0 ms
weight: 35.888073124736195 0.0 NaN
1265;1266;1267
time: 24240.0 ms
weight: 64.6870907303452 0.0 NaN
1268;1269
time: 14735.0 ms
weight: 27.376013857147104 0.0 NaN
1270;1271
time: 15079.0 ms
weight: 57.98776791009317 0.0 NaN
1272;1273
time: 17365.0 ms
weight: 9.634496378527837 0.0 NaN
1274;1275
time: 16604.0 ms
weight: 24.69912120499088 0.0 NaN
1276;1277
time: 15772.0 ms
weight: 20.548974904994125 0.0 NaN
1278
time: 7904.0 ms
weight: 0.0 0.0 0.0
1279;1280;1281;1282;1283
time: 52142.0 ms
weight: 78.84972060435916 0.0 NaN
1284;1285
time: 13495.0 ms
weight: 0.0 0.0 0.0
1286;1287;1288
time: 23178.0 ms
weight: 36.20226189272903 0.0 NaN
1289;1290;1291
time: 20630.0 ms
weight: 89.21982630007966 0.0 NaN
1292;1293
time: 15336.0 ms
weight: 22.882901890623078 0.0 NaN
1294;1295
time: 15908.0 ms
weight: 61.07234266481029 0.0 NaN
1296;1297;1298;1299
time: 35703.0 ms
weight: 57.89329303290674 0.0 NaN
1300;1301;1302
time: 22314.0 ms
weight: 30.69853191396496 0.0 NaN
1303;1304
time: 13733.0 ms
weight: 47.69475178565402 0.0 NaN
1305;1306
time: 13549.0 ms
weight: 50.83593893608068 0.0 NaN
1307;1308
time: 13783.0 ms
weight: 32.401416640318914 0.0 NaN
1309;1310
time: 13509.0 ms
weight: 38.57244996660279 0.0 NaN
1311;1312
time: 18290.0 ms
weight: 22.632804847306225 0.0 NaN
1313;1314;1315;1316
time: 35895.0 ms
weight: 66.06958964788286 0.0 NaN
1317;1318
time: 13839.0 ms
weight: 17.458794245384123 0.0 NaN
1319;1320
time: 14217.0 ms
weight: 40.02754002187481 0.0 NaN
1321;1322
time: 13345.0 ms
weight: 20.902119354538243 0.0 NaN
1323;1324
time: 15656.0 ms
weight: 32.82407508556676 0.0 NaN
1325;1326;1327
time: 21403.0 ms
weight: 64.75480717424587 0.0 NaN
1328;1329
time: 14208.0 ms
weight: 40.01986940023421 0.0 NaN
1330;1331;1332;1333;1334
time: 39313.0 ms
weight: 86.53545251331444 0.0 NaN
1335;1336
time: 16096.0 ms
weight: 0.00000000000000 0.0 NaN
1337;1338;1339;1340
time: 29819.0 ms
weight: 58.55208894034628 0.0 NaN
1341;1342;1343
time: 20525.0 ms
weight: 49.362197706468166 0.0 NaN
1344;1345
time: 13356.0 ms
weight: 23.22076334219339 0.0 NaN
1346;1347
time: 13276.0 ms
weight: 53.06491432974911 0.0 NaN
1348;1349;1350
time: 19844.0 ms
weight: 19.45068387322091 0.0 NaN
1351;1352;1353
time: 20102.0 ms
weight: 61.3143181792597 0.0 NaN
1354;1355
time: 16372.0 ms
weight: 35.24406503652902 0.0 NaN
1356;1357;1358
time: 20816.0 ms
weight: 42.451762646845836 0.0 NaN
1359;1360
time: 15852.0 ms
weight: 23.22076334219339 0.0 NaN
1361;1362;1363
time: 26308.0 ms
weight: 46.28929710378307 0.0 NaN
1364;1365;1366;1367
time: 31776.0 ms
weight: 84.1418587027449 0.0 NaN
1368;1369
time: 15587.0 ms
weight: 45.51544862300668 0.0 NaN
1370;1371
time: 17164.0 ms
weight: 29.965695781223534 0.0 NaN
1372;1373
time: 15801.0 ms
weight: 53.804611340722104 0.0 NaN
1374;1375
time: 13406.0 ms
weight: 38.234081940743096 0.0 NaN
1376;1377
time: 15603.0 ms
weight: 0.0 0.0 0.0
1378;1379;1380;1381
time: 36521.0 ms
weight: 48.51153321763241 0.0 NaN
1382;1383
time: 15651.0 ms
weight: 30.372472892219236 0.0 NaN
1384;1385;1386
time: 23240.0 ms
weight: 63.742375390575354 0.0 NaN
1387;1388;1389
time: 20937.0 ms
weight: 58.862154119527546 0.0 NaN
1390;1391;1392
time: 20897.0 ms
weight: 74.76710637055041 0.0 NaN
1393;1394;1395;1396;1397
time: 44013.0 ms
weight: 77.22390591575254 0.0 NaN
1398;1399
time: 13181.0 ms
weight: 0.0 0.0 0.0
1400;1401;1402
time: 25623.0 ms
weight: 31.940117243139497 0.0 NaN
1403;1404
time: 14720.0 ms
weight: 34.31186652368292 0.0 NaN
1405;1406
time: 15345.0 ms
weight: 23.75732996893165 0.0 NaN
1407;1408;1409
time: 21519.0 ms
weight: 37.79780841523342 0.0 NaN
1410;1411
time: 15068.0 ms
weight: 0.0 0.0 0.0
1412
time: 8763.0 ms
weight: 0.0 0.0 0.0
1413;1414;1415
time: 23821.0 ms
weight: 32.869925135258356 0.0 NaN
1416;1417;1418
time: 22047.0 ms
weight: 55.84460124099428 0.0 NaN
1419;1420;1421
time: 21405.0 ms
weight: 44.237132462110836 0.0 NaN
1422;1423
time: 13746.0 ms
weight: 31.447388852612512 0.0 NaN
1424;1425
time: 15230.0 ms
weight: 18.224359827801862 0.0 NaN
1426;1427
time: 17005.0 ms
weight: 0.0 0.0 0.0
1428;1429
time: 15891.0 ms
weight: 25.332449890339916 0.0 NaN
1430;1431
time: 15937.0 ms
weight: 29.37552105080266 0.0 NaN
1432;1433
time: 15375.0 ms
weight: 31.989076909502497 0.0 NaN
1434;1435
time: 15721.0 ms
weight: 21.029474044383434 0.0 NaN
1436;1437
time: 16709.0 ms
weight: 43.1407992283157 0.0 NaN
1438;1439
time: 16078.0 ms
weight: 45.79645979714233 0.0 NaN
1440;1441;1442
time: 24473.0 ms
weight: 75.4810369346645 0.0 NaN
1443;1444
time: 15401.0 ms
weight: 0.0 0.0 0.0
1445;1446
time: 15088.0 ms
weight: 23.23799880399968 0.0 NaN
1447;1448
time: 15333.0 ms
weight: 37.579359516579416 0.0 NaN
1449;1450
time: 13440.0 ms
weight: 50.31096199655567 0.0 NaN
1451;1452;1453
time: 21129.0 ms
weight: 30.350845584690717 0.0 NaN
1454;1455
time: 13918.0 ms
weight: 0.0 0.0 0.0
1456;1457
time: 14580.0 ms
weight: 32.925159231756346 0.0 NaN
1458;1459;1460;1461
time: 35001.0 ms
weight: 100.44683509254428 0.0 NaN
1462;1463;1464
time: 23649.0 ms
weight: 37.225595222554624 0.0 NaN
1465;1466;1467;1468
time: 33169.0 ms
weight: 46.0190379982727 0.0 NaN
1469;1470;1471
time: 22096.0 ms
weight: 44.08530436011725 0.0 NaN
1472;1473;1474
time: 23338.0 ms
weight: 60.09724538488922 0.0 NaN
1475;1476;1477
time: 21719.0 ms
weight: 72.54156228438472 0.0 NaN
1478;1479;1480;1481
time: 33531.0 ms
weight: 68.7598909606407 0.0 NaN
1482;1483
time: 14778.0 ms
weight: 27.106274986916127 0.0 NaN
1484;1485;1486;1487
time: 30996.0 ms
weight: 69.26553671509491 0.0 NaN
1488;1489;1490
time: 21345.0 ms
weight: 37.79780841523342 0.0 NaN
1491;1492;1493;1494
time: 33409.0 ms
weight: 62.06437518960195 0.0 NaN
1495;1496;1497;1498
time: 34975.0 ms
weight: 66.40364946987972 0.0 NaN
1499;1500;1501
time: 20407.0 ms
weight: 46.62955694742554 0.0 NaN
1502;1503;1504;1505;1506
time: 49192.0 ms
weight: 129.32517318171674 0.0 NaN
1507;1508;1509
time: 22005.0 ms
weight: 53.21118743604609 0.0 NaN
1510;1511;1512;1513
time: 28934.0 ms
weight: 84.57973075424687 0.0 NaN
1514;1515;1516
time: 21905.0 ms
weight: 37.225595222554624 0.0 NaN
1517;1518
time: 16653.0 ms
weight: 36.216704707234186 0.0 NaN
1519;1520;1521;1522
time: 32580.0 ms
weight: 87.20794118365315 0.0 NaN
1523;1524;1525;1526;1527;1528
time: 96006.0 ms
weight: 180.62489580586197 0.0 NaN
1529;1530;1531
time: 23427.0 ms
weight: 97.22275350911315 0.0 NaN
1532;1533;1534;1535
time: 32090.0 ms
weight: 93.77158330366301 0.0 NaN
1536;1537;1538;1539;1540
time: 50667.0 ms
weight: 92.1018835961502 0.0 NaN
1541;1542;1543;1544
time: 30331.0 ms
weight: 71.83963756121038 0.0 NaN
1545;1546;1547;1548
time: 38427.0 ms
weight: 77.1598244116326 0.0 NaN
1549;1550;1551
time: 24492.0 ms
weight: 32.68097845514168 0.0 NaN
1552;1553;1554
time: 22676.0 ms
weight: 66.19470409968181 0.0 NaN
1555;1556;1557
time: 24159.0 ms
weight: 59.45625342419663 0.0 NaN
1558;1559;1560
time: 20918.0 ms
weight: 80.55324411491893 0.0 NaN
1561;1562;1563
time: 20648.0 ms
weight: 28.09675103609534 0.0 NaN
1564;1565;1566;1567
time: 32054.0 ms
weight: 60.41864566770114 0.0 NaN
1568;1569;1570;1571
time: 35013.0 ms
weight: 53.598839773583066 0.0 NaN
1572;1573
time: 15966.0 ms
weight: 24.38920242743103 0.0 NaN
1574;1575;1576;1577
time: 27645.0 ms
weight: 70.82227782339982 0.0 NaN
1578;1579;1580;1581
time: 31704.0 ms
weight: 112.29397026787868 0.0 NaN
1582;1583;1584
time: 20518.0 ms
weight: 90.38527848422943 0.0 NaN
1585;1586;1587;1588;1589
time: 80520.0 ms
weight: 95.9807481230792 0.0 NaN
1590;1591;1592
time: 23581.0 ms
weight: 54.819662162021466 0.0 NaN
1593;1594
time: 15167.0 ms
weight: 39.080075974312706 0.0 NaN
1595;1596;1597
time: 24473.0 ms
weight: 48.314601693956 0.0 NaN
1598;1599;1600
time: 22552.0 ms
weight: 74.91834181270632 0.0 NaN
1601;1602;1603;1604
time: 32765.0 ms
weight: 71.45719130410562 0.0 NaN
1605;1606;1607
time: 22933.0 ms
weight: 56.64994529794848 0.0 NaN
1608;1609;1610;1611;1612;1613
time: 133046.0 ms
weight: 141.09225200018327 0.0 NaN
1614;1615;1616;1617
time: 30439.0 ms
weight: 43.16930602750534 0.0 NaN
1618;1619;1620
time: 21780.0 ms
weight: 59.60855854582515 0.0 NaN
1621;1622;1623;1624
time: 35220.0 ms
weight: 73.5249325222745 0.0 NaN
1625;1626;1627;1628;1629
time: 45696.0 ms
weight: 80.50057647613363 0.0 NaN
1630;1631;1632;1633
time: 35645.0 ms
weight: 99.98305571006316 0.0 NaN
1634;1635;1636;1637;1638
time: 71567.0 ms
weight: 55.65363781900205 0.0 NaN
1639;1640;1641;1642
time: 33722.0 ms
weight: 89.58253612798572 0.0 NaN
1643;1644;1645
time: 23734.0 ms
weight: 46.37889598648307 0.0 NaN
1646;1647;1648;1649
time: 31483.0 ms
weight: 87.86604052188666 0.0 NaN
1650;1651;1652;1653
time: 33373.0 ms
weight: 51.21640607464529 0.0 NaN
1654;1655;1656;1657
time: 30767.0 ms
weight: 65.20037905482201 0.0 NaN
1658;1659;1660;1661
time: 33976.0 ms
weight: 50.79556494171008 0.0 NaN
1662;1663;1664;1665;1666;1667
time: 95943.0 ms
weight: 147.12825515904433 0.0 NaN
1668;1669;1670;1671
time: 33866.0 ms
weight: 93.31561303339319 0.0 NaN
1672;1673;1674
time: 23854.0 ms
weight: 63.50638917899833 0.0 NaN
1675;1676;1677;1678
time: 32193.0 ms
weight: 87.02287548959394 0.0 NaN
1679;1680;1681;1682;1683;1684;1685
time: 161217.0 ms
weight: 189.8752012153989 0.0 NaN
1686;1687;1688;1689;1690;1691
time: 89917.0 ms
weight: 102.19745873802819 0.0 NaN
1692;1693;1694;1695;1696
time: 79315.0 ms
weight: 76.24358560332723 0.0 NaN
1697;1698;1699;1700
time: 30851.0 ms
weight: 57.09923575767181 0.0 NaN
1701;1702;1703;1704
time: 33958.0 ms
weight: 97.71027557900828 0.0 NaN
1705;1706;1707;1708
time: 36920.0 ms
weight: 102.83503094165647 0.0 NaN
1709;1710;1711;1712;1713
time: 31.0 ms
weight: -1.0 -1.0 -1.0
1714;1715;1716;1717;1718
time: 48524.0 ms
weight: 65.24219259901264 0.0 NaN
avg time: 49107.46118721461 ms
avg weight: 58.14996802909527 -0.1050228310502283 NaN
