0;1;2;3;4;5
time: 40888.0 ms
weight: 78.2390297600376 0.0 NaN
6;7;8;9;10
time: 36669.0 ms
weight: 117.29173558191539 0.0 NaN
11;12;13;14;15;16
time: 28286.0 ms
weight: -1.0 -1.0 -1.0
17;18;19;20
time: 32052.0 ms
weight: 75.34386138136489 0.0 NaN
21;22
time: 29995.0 ms
weight: 0.0 0.0 0.0
23;24
time: 29923.0 ms
weight: 17.532164918297727 0.0 NaN
25;26;27;28
time: 31766.0 ms
weight: 71.70133069525006 0.0 NaN
29;30;31;32;33;34;35
time: 43174.0 ms
weight: 109.59969537632446 0.0 NaN
36
time: 28310.0 ms
weight: 0.0 0.0 0.0
37;38;39;40;41;42;43;44
time: 200004.0 ms
weight: -1.0 -1.0 -1.0
45;46;47;48;49;50
time: 36192.0 ms
weight: 129.8065089323733 0.0 NaN
51;52;53;54;55;56
time: 28160.0 ms
weight: -1.0 -1.0 -1.0
57;58;59
time: 30560.0 ms
weight: 58.918865702215285 0.0 NaN
60;61;62;63;64;65;66;67
time: 28455.0 ms
weight: -1.0 -1.0 -1.0
68;69;70;71;72
time: 36110.0 ms
weight: 88.30564714713405 0.0 NaN
73;74;75;76;77;78
time: 36615.0 ms
weight: 89.51167744227843 0.0 NaN
79;80
time: 29710.0 ms
weight: 86.20250401866424 0.0 NaN
81;82;83
time: 30404.0 ms
weight: 44.49115148027012 0.0 NaN
84;85
time: 29804.0 ms
weight: 57.47095977611338 0.0 NaN
86;87;88;89
time: 31435.0 ms
weight: 97.46882598092503 0.0 NaN
90;91
time: 29641.0 ms
weight: 41.26496433478425 0.0 NaN
92;93
time: 29626.0 ms
weight: 59.917069501936176 0.0 NaN
94;95;96
time: 30475.0 ms
weight: 23.9931708413269 0.0 NaN
97;98;99;100;101
time: 32697.0 ms
weight: 76.3619890469763 0.0 NaN
102;103;104;105
time: 31909.0 ms
weight: 112.37783995054214 0.0 NaN
106;107
time: 29784.0 ms
weight: 23.9931708413269 0.0 NaN
108;109;110;111;112;113
time: 28113.0 ms
weight: -1.0 -1.0 -1.0
114;115;116;117;118;119;120;121;122
time: 178406.0 ms
weight: 169.76065803970718 0.0 NaN
123;124;125;126;127;128;129
time: 28527.0 ms
weight: -1.0 -1.0 -1.0
130;131
time: 29806.0 ms
weight: 8.29154650988391 0.0 NaN
132
time: 29254.0 ms
weight: 0.0 0.0 0.0
133;134;135;136;137;138;139;140;141;142
time: 107105.0 ms
weight: 142.85715506628117 0.0 NaN
143;144;145
time: 28656.0 ms
weight: -1.0 -1.0 -1.0
146;147;148;149;150;151;152;153;154
time: 177699.0 ms
weight: 161.7842347477831 0.0 NaN
155;156
time: 30348.0 ms
weight: 64.61166787160207 0.0 NaN
157;158;159;160;161;162;163;164;165
time: 118730.0 ms
weight: 124.37262548928365 0.0 NaN
166
time: 29807.0 ms
weight: 0.0 0.0 0.0
167;168;169;170;171;172
time: 77355.0 ms
weight: 86.85208096811888 0.0 NaN
173
time: 28964.0 ms
weight: 0.0 0.0 0.0
174;175
time: 29643.0 ms
weight: 42.03579730111309 0.0 NaN
176
time: 28991.0 ms
weight: 0.0 0.0 0.0
177;178;179
time: 30650.0 ms
weight: 56.55346724281824 0.0 NaN
180;181;182;183;184;185;186;187;188
time: 28424.0 ms
weight: -1.0 -1.0 -1.0
189;190;191
time: 30571.0 ms
weight: 67.12312935412663 0.0 NaN
192;193;194;195;196
time: 36385.0 ms
weight: 92.67773268221254 0.0 NaN
197;198;199;200;201;202;203;204;205
time: 28497.0 ms
weight: -1.0 -1.0 -1.0
206;207;208
time: 30644.0 ms
weight: 48.65190544393412 0.0 NaN
209;210
time: 29756.0 ms
weight: 50.17794925307741 0.0 NaN
211;212;213;214;215;216;217;218;219
time: 28597.0 ms
weight: -1.0 -1.0 -1.0
220;221;222;223;224;225;226
time: 103719.0 ms
weight: 142.44065541616342 0.0 NaN
227;228;229;230;231;232
time: 28664.0 ms
weight: -1.0 -1.0 -1.0
233;234;235
time: 31192.0 ms
weight: 85.49218619370652 0.0 NaN
236;237;238;239;240;241
time: 28572.0 ms
weight: -1.0 -1.0 -1.0
242;243;244
time: 28447.0 ms
weight: -1.0 -1.0 -1.0
245;246;247
time: 30408.0 ms
weight: 68.29087550057098 0.0 NaN
248;249;250;251;252;253;254;255
time: 28233.0 ms
weight: -1.0 -1.0 -1.0
256;257;258
time: 30642.0 ms
weight: 104.74334222505968 0.0 NaN
259;260
time: 30224.0 ms
weight: 30.537122250018967 0.0 NaN
261;262;263;264;265;266;267;268
time: 117444.0 ms
weight: 231.38020197490476 0.0 NaN
269;270;271;272
time: 31354.0 ms
weight: 130.21126592937617 0.0 NaN
273;274;275;276;277;278;279
time: 28441.0 ms
weight: -1.0 -1.0 -1.0
280;281;282
time: 30440.0 ms
weight: 35.98975626199035 0.0 NaN
283;284;285
time: 30761.0 ms
weight: 49.91805887403875 0.0 NaN
286
time: 29762.0 ms
weight: 0.0 0.0 0.0
287;288
time: 30439.0 ms
weight: 23.9931708413269 0.0 NaN
289;290;291
time: 30416.0 ms
weight: 35.98975626199035 0.0 NaN
292;293
time: 29560.0 ms
weight: 17.532164918297727 0.0 NaN
294
time: 29101.0 ms
weight: 0.0 0.0 0.0
295;296;297;298
time: 28481.0 ms
weight: -1.0 -1.0 -1.0
299;300;301;302;303;304
time: 57237.0 ms
weight: 125.99215640858529 0.0 NaN
305;306
time: 31166.0 ms
weight: 23.9931708413269 0.0 NaN
307;308;309;310;311
time: 32715.0 ms
weight: 108.88009868555312 0.0 NaN
312;313;314;315
time: 31777.0 ms
weight: 72.3874687638744 0.0 NaN
316;317;318;319;320;321
time: 28670.0 ms
weight: -1.0 -1.0 -1.0
322;323;324;325;326;327
time: 34456.0 ms
weight: 96.19790096251367 0.0 NaN
328;329
time: 28449.0 ms
weight: -1.0 -1.0 -1.0
330;331
time: 29912.0 ms
weight: 73.89971798293091 0.0 NaN
332;333;334;335;336;337;338
time: 158050.0 ms
weight: 194.30524102793865 0.0 NaN
339;340
time: 30129.0 ms
weight: 46.47524612021681 0.0 NaN
341;342;343;344
time: 31717.0 ms
weight: 47.9863416826538 0.0 NaN
345;346;347;348
time: 31858.0 ms
weight: 68.39448962442626 0.0 NaN
349;350;351;352;353;354
time: 38187.0 ms
weight: 89.34704882529054 0.0 NaN
355;356;357;358;359;360;361;362
time: 200004.0 ms
weight: -1.0 -1.0 -1.0
363;364;365;366;367;368;369;370;371
time: 33525.0 ms
weight: -1.0 -1.0 -1.0
372;373;374;375;376
time: 122182.0 ms
weight: 97.72770405074266 0.0 NaN
377;378;379
time: 142211.0 ms
weight: 35.98975626199035 0.0 NaN
380;381;382;383;384;385;386;387;388;389
time: 200416.0 ms
weight: -1.0 -1.0 -1.0
390;391;392
time: 61622.0 ms
weight: 145.18951138760508 0.0 NaN
393;394;395;396;397
time: 60255.0 ms
weight: 66.22915691693251 0.0 NaN
398;399
time: 38979.0 ms
weight: 23.9931708413269 0.0 NaN
400;401
time: 40299.0 ms
weight: -1.0 -1.0 -1.0
402;403;404;405;406
time: 45887.0 ms
weight: -1.0 -1.0 -1.0
407;408;409;410;411;412
time: 55778.0 ms
weight: 91.59475509908839 0.0 NaN
413;414;415;416
time: 45638.0 ms
weight: 47.9863416826538 0.0 NaN
417;418;419;420;421
time: 51900.0 ms
weight: 103.08854698364027 0.0 NaN
422;423;424;425;426;427
time: 46233.0 ms
weight: 59.98292710331725 0.0 NaN
428;429
time: 39529.0 ms
weight: 39.203924097050816 0.0 NaN
430;431
time: 39424.0 ms
weight: 51.36433616660438 0.0 NaN
432;433;434;435
time: 44565.0 ms
weight: 66.84463844379798 0.0 NaN
436;437
time: 37356.0 ms
weight: 0.0 0.0 0.0
438;439;440;441;442;443;444;445;446
time: 200009.0 ms
weight: -1.0 -1.0 -1.0
447;448;449;450;451;452;453
time: 86557.0 ms
weight: 108.26206298002981 0.0 NaN
454;455;456;457;458;459
time: 58674.0 ms
weight: 97.09139610933417 0.0 NaN
460;461;462;463;464;465
time: 48772.0 ms
weight: 49.792510931790886 0.0 NaN
466;467;468;469;470;471;472;473;474;475
time: 200008.0 ms
weight: -1.0 -1.0 -1.0
476
time: 38873.0 ms
weight: 0.0 0.0 0.0
477;478;479
time: 36850.0 ms
weight: 53.63543474337271 0.0 NaN
480;481;482;483;484
time: 48313.0 ms
weight: 59.98292710331725 0.0 NaN
485;486;487;488;489;490;491
time: 125110.0 ms
weight: 127.76869709945055 0.0 NaN
492;493;494;495;496;497;498;499
time: 105920.0 ms
weight: 152.552983213785 0.0 NaN
500
time: 38086.0 ms
weight: 0.0 0.0 0.0
501
time: 43361.0 ms
weight: 0.0 0.0 0.0
502;503;504;505;506;507;508;509;510
time: 200009.0 ms
weight: -1.0 -1.0 -1.0
511;512;513;514;515;516;517;518
time: 200009.0 ms
weight: -1.0 -1.0 -1.0
519;520;521;522;523;524;525;526;527
time: 42116.0 ms
weight: -1.0 -1.0 -1.0
528;529;530;531
time: 47607.0 ms
weight: 92.7399557385421 0.0 NaN
532;533;534;535;536
time: 54899.0 ms
weight: 117.39298729396067 0.0 NaN
537;538;539;540;541;542
time: 34078.0 ms
weight: -1.0 -1.0 -1.0
543;544;545;546;547;548;549
time: 200005.0 ms
weight: -1.0 -1.0 -1.0
550;551;552;553;554
time: 63864.0 ms
weight: 151.77395648731738 0.0 NaN
555;556;557;558;559;560
time: 91371.0 ms
weight: 150.4569050365771 0.0 NaN
561;562;563;564;565;566
time: 43187.0 ms
weight: -1.0 -1.0 -1.0
567;568;569
time: 45559.0 ms
weight: 42.210273639808904 0.0 NaN
570;571;572;573
time: 52548.0 ms
weight: 66.92952204839287 0.0 NaN
574;575;576;577;578
time: 36339.0 ms
weight: -1.0 -1.0 -1.0
579;580;581;582;583
time: 50924.0 ms
weight: 97.48877161436997 0.0 NaN
584;585;586;587
time: 53307.0 ms
weight: 82.21258764920786 0.0 NaN
588
time: 43782.0 ms
weight: 0.0 0.0 0.0
589;590;591;592;593;594
time: 69437.0 ms
weight: 110.83337109951967 0.0 NaN
595;596;597;598;599;600
time: 68665.0 ms
weight: 112.00135102149046 0.0 NaN
601;602;603;604;605;606;607;608
time: 43766.0 ms
weight: -1.0 -1.0 -1.0
609;610;611;612;613;614;615
time: 110104.0 ms
weight: 105.43185653004798 0.0 NaN
616;617;618;619;620;621;622;623
time: 200009.0 ms
weight: -1.0 -1.0 -1.0
624
time: 45414.0 ms
weight: 0.0 0.0 0.0
625
time: 40402.0 ms
weight: 0.0 0.0 0.0
626
time: 43797.0 ms
weight: 0.0 0.0 0.0
627;628;629;630;631;632;633;634;635
time: 200007.0 ms
weight: -1.0 -1.0 -1.0
636;637;638;639;640;641;642;643
time: 200006.0 ms
weight: -1.0 -1.0 -1.0
644;645;646;647;648;649;650
time: 40347.0 ms
weight: -1.0 -1.0 -1.0
651;652;653;654;655;656;657;658
time: 189235.0 ms
weight: 243.23707936889878 0.0 NaN
659;660;661;662
time: 38180.0 ms
weight: 102.16341115425536 0.0 NaN
663;664;665;666
time: 41763.0 ms
weight: 98.6474266027915 0.0 NaN
667;668;669;670;671;672;673
time: 45371.0 ms
weight: 82.3776746340269 0.0 NaN
674;675;676;677;678
time: 39226.0 ms
weight: 53.62309778481829 0.0 NaN
679;680;681;682;683
time: 59380.0 ms
weight: 84.34084380939446 0.0 NaN
684;685;686;687;688;689;690;691;692;693
time: 39624.0 ms
weight: -1.0 -1.0 -1.0
694;695;696;697;698;699;700;701
time: 200007.0 ms
weight: -1.0 -1.0 -1.0
702;703;704;705;706
time: 48378.0 ms
weight: 131.62026908033513 0.0 NaN
707
time: 38979.0 ms
weight: 0.0 0.0 0.0
708;709;710;711;712;713;714
time: 35041.0 ms
weight: -1.0 -1.0 -1.0
715;716;717;718;719;720;721;722;723
time: 200339.0 ms
weight: -1.0 -1.0 -1.0
724
time: 38706.0 ms
weight: 0.0 0.0 0.0
725;726;727;728;729;730;731
time: 35661.0 ms
weight: -1.0 -1.0 -1.0
732
time: 38533.0 ms
weight: 0.0 0.0 0.0
733;734;735;736;737;738;739;740
time: 40686.0 ms
weight: -1.0 -1.0 -1.0
741;742;743;744;745;746
time: 57779.0 ms
weight: 70.45708341968788 0.0 NaN
747;748;749;750;751;752;753;754;755;756
time: 39249.0 ms
weight: -1.0 -1.0 -1.0
757;758;759;760;761
time: 45162.0 ms
weight: 84.16132114439674 0.0 NaN
762;763;764;765;766
time: 41288.0 ms
weight: -1.0 -1.0 -1.0
767;768;769;770
time: 41191.0 ms
weight: -1.0 -1.0 -1.0
771;772;773;774;775;776;777
time: 200162.0 ms
weight: -1.0 -1.0 -1.0
778;779;780;781
time: 48697.0 ms
weight: 39.295151403123754 0.0 NaN
782;783;784;785
time: 35948.0 ms
weight: -1.0 -1.0 -1.0
786;787;788;789;790;791;792;793
time: 82642.0 ms
weight: 78.73331264106864 0.0 NaN
794
time: 39103.0 ms
weight: 0.0 0.0 0.0
795;796;797;798;799;800;801
time: 94084.0 ms
weight: 103.27521510085376 0.0 NaN
802;803;804;805;806;807;808
time: 101038.0 ms
weight: 203.18377120389582 0.0 NaN
809;810;811;812;813;814;815;816;817;818
time: 42721.0 ms
weight: -1.0 -1.0 -1.0
819;820;821;822;823
time: 45658.0 ms
weight: 89.51464439736631 0.0 NaN
824;825;826;827;828;829;830;831;832
time: 200006.0 ms
weight: -1.0 -1.0 -1.0
833;834;835;836;837;838;839
time: 73155.0 ms
weight: 131.08740298669863 0.0 NaN
840;841;842;843;844;845;846;847
time: 160331.0 ms
weight: 175.0970894625624 0.0 NaN
848;849;850;851;852;853;854
time: 38414.0 ms
weight: -1.0 -1.0 -1.0
855
time: 45965.0 ms
weight: 0.0 0.0 0.0
856;857;858;859;860;861;862;863
time: 200004.0 ms
weight: -1.0 -1.0 -1.0
864
time: 35821.0 ms
weight: 0.0 0.0 0.0
865;866;867;868;869;870;871;872;873;874
time: 200008.0 ms
weight: -1.0 -1.0 -1.0
875;876;877;878;879;880;881;882
time: 200007.0 ms
weight: -1.0 -1.0 -1.0
883;884;885;886;887;888;889;890
time: 200007.0 ms
weight: -1.0 -1.0 -1.0
891;892;893;894;895;896;897
time: 111024.0 ms
weight: 157.3730277655888 0.0 NaN
898;899;900;901;902;903;904
time: 34116.0 ms
weight: -1.0 -1.0 -1.0
905;906;907;908;909;910;911;912;913;914
time: 36509.0 ms
weight: -1.0 -1.0 -1.0
915;916;917;918;919;920;921
time: 71226.0 ms
weight: 215.70766197482493 0.0 NaN
922;923;924;925;926;927;928;929
time: 200041.0 ms
weight: -1.0 -1.0 -1.0
930;931;932;933;934;935;936;937;938
time: 200008.0 ms
weight: -1.0 -1.0 -1.0
939;940;941;942;943;944;945
time: 104398.0 ms
weight: 109.39515553178313 0.0 NaN
946;947;948;949;950;951;952;953;954;955
time: 37442.0 ms
weight: -1.0 -1.0 -1.0
956;957;958;959;960;961;962;963;964
time: 200005.0 ms
weight: -1.0 -1.0 -1.0
965;966;967;968;969;970;971;972;973
time: 43042.0 ms
weight: -1.0 -1.0 -1.0
974;975;976;977;978;979
time: 94213.0 ms
weight: 137.96997347689 0.0 NaN
980;981;982;983;984;985;986;987;988
time: 200063.0 ms
weight: -1.0 -1.0 -1.0
989;990;991;992;993;994;995;996;997;998
time: 200008.0 ms
weight: -1.0 -1.0 -1.0
999;1000;1001;1002;1003;1004;1005;1006;1007
time: 40096.0 ms
weight: -1.0 -1.0 -1.0
1008;1009;1010;1011;1012;1013;1014;1015;1016
time: 39377.0 ms
weight: -1.0 -1.0 -1.0
1017;1018;1019;1020;1021;1022;1023;1024;1025
time: 44043.0 ms
weight: -1.0 -1.0 -1.0
1026;1027;1028;1029;1030;1031;1032;1033;1034;1035
time: 37643.0 ms
weight: -1.0 -1.0 -1.0
1036;1037;1038;1039;1040;1041;1042;1043;1044;1045
time: 45404.0 ms
weight: -1.0 -1.0 -1.0
1046;1047;1048;1049;1050;1051;1052;1053;1054;1055
time: 200007.0 ms
weight: -1.0 -1.0 -1.0
1056;1057;1058;1059;1060;1061;1062;1063;1064;1065
time: 200565.0 ms
weight: -1.0 -1.0 -1.0
1066;1067;1068;1069;1070;1071;1072;1073;1074;1075
time: 35151.0 ms
weight: -1.0 -1.0 -1.0
avg time: 68740.095 ms
avg weight: 47.03466241285541 -0.36 NaN
