0;1;2;3;4;5
time: 7431.333333333333 ms
weight: 7.0 0.0 NaN
6;7;8;9;10
time: 4822.333333333333 ms
weight: 10.0 0.0 NaN
11;12;13;14;15;16
time: 3.6666666666666665 ms
weight: -1.0 -1.0 -1.0
17;18;19;20
time: 2747.0 ms
weight: 7.0 0.0 NaN
21;22
time: 1438.0 ms
weight: 0.0 0.0 0.0
23;24
time: 1342.3333333333333 ms
weight: 2.0 0.0 NaN
25;26;27;28
time: 3162.0 ms
weight: 7.0 0.0 NaN
29;30;31;32;33;34;35
time: 19490.0 ms
weight: 10.0 0.0 NaN
36
time: 4.333333333333333 ms
weight: 0.0 0.0 0.0
37;38;39;40;41;42;43;44
time: 200004.66666666666 ms
weight: -1.0 -1.0 -1.0
45;46;47;48;49;50
time: 6834.666666666667 ms
weight: 12.0 0.0 NaN
51;52;53;54;55;56
time: 4.333333333333333 ms
weight: -1.0 -1.0 -1.0
57;58;59
time: 2185.6666666666665 ms
weight: 5.0 0.0 NaN
60;61;62;63;64;65;66;67
time: 3.6666666666666665 ms
weight: -1.0 -1.0 -1.0
68;69;70;71;72
time: 8531.333333333334 ms
weight: 8.0 0.0 NaN
73;74;75;76;77;78
time: 6758.333333333333 ms
weight: 8.0 0.0 NaN
79;80
time: 1352.6666666666667 ms
weight: 8.0 0.0 NaN
81;82;83
time: 1971.3333333333333 ms
weight: 4.0 0.0 NaN
84;85
time: 1332.6666666666667 ms
weight: 5.0 0.0 NaN
86;87;88;89
time: 3082.6666666666665 ms
weight: 10.0 0.0 NaN
90;91
time: 1311.0 ms
weight: 4.0 0.0 NaN
92;93
time: 1320.0 ms
weight: 6.0 0.0 NaN
94;95;96
time: 2005.3333333333333 ms
weight: 2.0 0.0 NaN
97;98;99;100;101
time: 3823.6666666666665 ms
weight: 7.0 0.0 NaN
102;103;104;105
time: 3850.3333333333335 ms
weight: 11.0 0.0 NaN
106;107
time: 1330.6666666666667 ms
weight: 2.0 0.0 NaN
108;109;110;111;112;113
time: 3.0 ms
weight: -1.0 -1.0 -1.0
114;115;116;117;118;119;120;121;122
time: 200040.0 ms
weight: -1.0 -1.0 -1.0
123;124;125;126;127;128;129
time: 4.666666666666667 ms
weight: -1.0 -1.0 -1.0
130;131
time: 1326.3333333333333 ms
weight: 1.0 0.0 NaN
132
time: 641.3333333333334 ms
weight: 0.0 0.0 0.0
133;134;135;136;137;138;139;140;141;142
time: 91712.0 ms
weight: 13.0 0.0 NaN
143;144;145
time: 3.3333333333333335 ms
weight: -1.0 -1.0 -1.0
146;147;148;149;150;151;152;153;154
time: 138042.0 ms
weight: 16.0 0.0 NaN
155;156
time: 1360.0 ms
weight: 6.0 0.0 NaN
157;158;159;160;161;162;163;164;165
time: 65876.66666666667 ms
weight: 11.0 0.0 NaN
166
time: 671.3333333333334 ms
weight: 0.0 0.0 0.0
167;168;169;170;171;172
time: 33874.333333333336 ms
weight: 8.0 0.0 NaN
173
time: 675.0 ms
weight: 0.0 0.0 0.0
174;175
time: 1335.6666666666667 ms
weight: 4.0 0.0 NaN
176
time: 691.6666666666666 ms
weight: 0.0 0.0 0.0
177;178;179
time: 2372.0 ms
weight: 5.0 0.0 NaN
180;181;182;183;184;185;186;187;188
time: 4.0 ms
weight: -1.0 -1.0 -1.0
189;190;191
time: 2306.3333333333335 ms
weight: 7.0 0.0 NaN
192;193;194;195;196
time: 6577.333333333333 ms
weight: 9.0 0.0 NaN
197;198;199;200;201;202;203;204;205
time: 3.6666666666666665 ms
weight: -1.0 -1.0 -1.0
206;207;208
time: 2094.3333333333335 ms
weight: 5.0 0.0 NaN
209;210
time: 1377.6666666666667 ms
weight: 5.0 0.0 NaN
211;212;213;214;215;216;217;218;219
time: 3.6666666666666665 ms
weight: -1.0 -1.0 -1.0
220;221;222;223;224;225;226
time: 45059.0 ms
weight: 13.0 0.0 NaN
227;228;229;230;231;232
time: 6.0 ms
weight: -1.0 -1.0 -1.0
233;234;235
time: 2030.3333333333333 ms
weight: 7.0 0.0 NaN
236;237;238;239;240;241
time: 3.3333333333333335 ms
weight: -1.0 -1.0 -1.0
242;243;244
time: 3.0 ms
weight: -1.0 -1.0 -1.0
245;246;247
time: 2047.0 ms
weight: 7.0 0.0 NaN
248;249;250;251;252;253;254;255
time: 4.0 ms
weight: -1.0 -1.0 -1.0
256;257;258
time: 2119.6666666666665 ms
weight: 10.0 0.0 NaN
259;260
time: 1335.3333333333333 ms
weight: 3.0 0.0 NaN
261;262;263;264;265;266;267;268
time: 53807.666666666664 ms
weight: 23.0 0.0 NaN
269;270;271;272
time: 3293.3333333333335 ms
weight: 12.0 0.0 NaN
273;274;275;276;277;278;279
time: 4.0 ms
weight: -1.0 -1.0 -1.0
280;281;282
time: 2403.0 ms
weight: 3.0 0.0 NaN
283;284;285
time: 2118.0 ms
weight: 5.0 0.0 NaN
286
time: 763.0 ms
weight: 0.0 0.0 0.0
287;288
time: 1363.0 ms
weight: 2.0 0.0 NaN
289;290;291
time: 2306.0 ms
weight: 3.0 0.0 NaN
292;293
time: 1460.6666666666667 ms
weight: 2.0 0.0 NaN
294
time: 714.6666666666666 ms
weight: 0.0 0.0 0.0
295;296;297;298
time: 3.3333333333333335 ms
weight: -1.0 -1.0 -1.0
299;300;301;302;303;304
time: 49568.333333333336 ms
weight: 12.0 0.0 NaN
305;306
time: 1445.0 ms
weight: 2.0 0.0 NaN
307;308;309;310;311
time: 6367.666666666667 ms
weight: 12.0 0.0 NaN
312;313;314;315
time: 3031.3333333333335 ms
weight: 7.0 0.0 NaN
316;317;318;319;320;321
time: 3.6666666666666665 ms
weight: -1.0 -1.0 -1.0
322;323;324;325;326;327
time: 6953.0 ms
weight: 9.0 0.0 NaN
328;329
time: 3.3333333333333335 ms
weight: -1.0 -1.0 -1.0
330;331
time: 1383.0 ms
weight: 7.0 0.0 NaN
332;333;334;335;336;337;338
time: 140847.0 ms
weight: 18.0 0.0 NaN
339;340
time: 1458.6666666666667 ms
weight: 4.0 0.0 NaN
341;342;343;344
time: 2917.3333333333335 ms
weight: 4.0 0.0 NaN
345;346;347;348
time: 3014.3333333333335 ms
weight: 7.0 0.0 NaN
349;350;351;352;353;354
time: 8241.666666666666 ms
weight: 8.0 0.0 NaN
355;356;357;358;359;360;361;362
time: 200030.33333333334 ms
weight: -1.0 -1.0 -1.0
363;364;365;366;367;368;369;370;371
time: 3.0 ms
weight: -1.0 -1.0 -1.0
372;373;374;375;376
time: 4295.666666666667 ms
weight: 9.0 0.0 NaN
377;378;379
time: 2240.3333333333335 ms
weight: 3.0 0.0 NaN
380;381;382;383;384;385;386;387;388;389
time: 200007.0 ms
weight: -1.0 -1.0 -1.0
390;391;392
time: 2048.0 ms
weight: 14.0 0.0 NaN
393;394;395;396;397
time: 5269.0 ms
weight: 6.0 0.0 NaN
398;399
time: 1484.3333333333333 ms
weight: 2.0 0.0 NaN
400;401
time: 3.3333333333333335 ms
weight: -1.0 -1.0 -1.0
402;403;404;405;406
time: 3.3333333333333335 ms
weight: -1.0 -1.0 -1.0
407;408;409;410;411;412
time: 5768.0 ms
weight: 8.0 0.0 NaN
413;414;415;416
time: 2968.6666666666665 ms
weight: 4.0 0.0 NaN
417;418;419;420;421
time: 6600.0 ms
weight: 10.0 0.0 NaN
422;423;424;425;426;427
time: 6146.0 ms
weight: 5.0 0.0 NaN
428;429
time: 1550.3333333333333 ms
weight: 4.0 0.0 NaN
430;431
time: 1525.6666666666667 ms
weight: 5.0 0.0 NaN
432;433;434;435
time: 3238.0 ms
weight: 6.0 0.0 NaN
436;437
time: 1375.6666666666667 ms
weight: 0.0 0.0 0.0
438;439;440;441;442;443;444;445;446
time: 200050.66666666666 ms
weight: -1.0 -1.0 -1.0
447;448;449;450;451;452;453
time: 28016.333333333332 ms
weight: 10.0 0.0 NaN
454;455;456;457;458;459
time: 17857.666666666668 ms
weight: 10.0 0.0 NaN
460;461;462;463;464;465
time: 4909.333333333333 ms
weight: 5.0 0.0 NaN
466;467;468;469;470;471;472;473;474;475
time: 200008.0 ms
weight: -1.0 -1.0 -1.0
476
time: 731.0 ms
weight: 0.0 0.0 0.0
477;478;479
time: 2422.3333333333335 ms
weight: 5.0 0.0 NaN
480;481;482;483;484
time: 4407.666666666667 ms
weight: 5.0 0.0 NaN
485;486;487;488;489;490;491
time: 47402.333333333336 ms
weight: 12.0 0.0 NaN
492;493;494;495;496;497;498;499
time: 21121.666666666668 ms
weight: 14.0 0.0 NaN
500
time: 682.0 ms
weight: 0.0 0.0 0.0
501
time: 669.3333333333334 ms
weight: 0.0 0.0 0.0
502;503;504;505;506;507;508;509;510
time: 200070.0 ms
weight: -1.0 -1.0 -1.0
511;512;513;514;515;516;517;518
time: 189022.0 ms
weight: 13.0 0.0 NaN
519;520;521;522;523;524;525;526;527
time: 3.6666666666666665 ms
weight: -1.0 -1.0 -1.0
528;529;530;531
time: 3097.6666666666665 ms
weight: 9.0 0.0 NaN
532;533;534;535;536
time: 4621.0 ms
weight: 11.0 0.0 NaN
537;538;539;540;541;542
time: 3.6666666666666665 ms
weight: -1.0 -1.0 -1.0
543;544;545;546;547;548;549
time: 170747.66666666666 ms
weight: 15.0 0.0 NaN
550;551;552;553;554
time: 24697.666666666668 ms
weight: 15.0 0.0 NaN
555;556;557;558;559;560
time: 41418.0 ms
weight: 14.0 0.0 NaN
561;562;563;564;565;566
time: 4.666666666666667 ms
weight: -1.0 -1.0 -1.0
567;568;569
time: 2295.0 ms
weight: 4.0 0.0 NaN
570;571;572;573
time: 3255.6666666666665 ms
weight: 6.0 0.0 NaN
574;575;576;577;578
time: 3.6666666666666665 ms
weight: -1.0 -1.0 -1.0
579;580;581;582;583
time: 4928.0 ms
weight: 8.0 0.0 NaN
584;585;586;587
time: 3224.0 ms
weight: 8.0 0.0 NaN
588
time: 648.3333333333334 ms
weight: 0.0 0.0 0.0
589;590;591;592;593;594
time: 26224.666666666668 ms
weight: 10.0 0.0 NaN
595;596;597;598;599;600
time: 15723.666666666666 ms
weight: 11.0 0.0 NaN
601;602;603;604;605;606;607;608
time: 4.0 ms
weight: -1.0 -1.0 -1.0
609;610;611;612;613;614;615
time: 40519.0 ms
weight: 10.0 0.0 NaN
616;617;618;619;620;621;622;623
time: 200008.33333333334 ms
weight: -1.0 -1.0 -1.0
624
time: 772.6666666666666 ms
weight: 0.0 0.0 0.0
625
time: 770.0 ms
weight: 0.0 0.0 0.0
626
time: 769.6666666666666 ms
weight: 0.0 0.0 0.0
627;628;629;630;631;632;633;634;635
time: 126665.66666666667 ms
weight: 20.0 0.0 NaN
636;637;638;639;640;641;642;643
time: 200007.0 ms
weight: -1.0 -1.0 -1.0
644;645;646;647;648;649;650
time: 4.333333333333333 ms
weight: -1.0 -1.0 -1.0
651;652;653;654;655;656;657;658
time: 199458.0 ms
weight: -1.0 -1.0 -1.0
659;660;661;662
time: 2923.0 ms
weight: 9.0 0.0 NaN
663;664;665;666
time: 3037.0 ms
weight: 9.0 0.0 NaN
667;668;669;670;671;672;673
time: 5694.0 ms
weight: 8.0 0.0 NaN
674;675;676;677;678
time: 3820.0 ms
weight: 5.0 0.0 NaN
679;680;681;682;683
time: 7450.333333333333 ms
weight: 7.0 0.0 NaN
684;685;686;687;688;689;690;691;692;693
time: 3.6666666666666665 ms
weight: -1.0 -1.0 -1.0
694;695;696;697;698;699;700;701
time: 200071.33333333334 ms
weight: -1.0 -1.0 -1.0
702;703;704;705;706
time: 5100.0 ms
weight: 12.0 0.0 NaN
707
time: 678.3333333333334 ms
weight: 0.0 0.0 0.0
708;709;710;711;712;713;714
time: 5.0 ms
weight: -1.0 -1.0 -1.0
715;716;717;718;719;720;721;722;723
time: 200009.0 ms
weight: -1.0 -1.0 -1.0
724
time: 781.6666666666666 ms
weight: 0.0 0.0 0.0
725;726;727;728;729;730;731
time: 4.0 ms
weight: -1.0 -1.0 -1.0
732
time: 787.6666666666666 ms
weight: 0.0 0.0 0.0
733;734;735;736;737;738;739;740
time: 4.333333333333333 ms
weight: -1.0 -1.0 -1.0
741;742;743;744;745;746
time: 10272.0 ms
weight: 6.0 0.0 NaN
747;748;749;750;751;752;753;754;755;756
time: 4.0 ms
weight: -1.0 -1.0 -1.0
757;758;759;760;761
time: 4868.333333333333 ms
weight: 7.0 0.0 NaN
762;763;764;765;766
time: 3.0 ms
weight: -1.0 -1.0 -1.0
767;768;769;770
time: 3.3333333333333335 ms
weight: -1.0 -1.0 -1.0
771;772;773;774;775;776;777
time: 74358.33333333333 ms
weight: 16.0 0.0 NaN
778;779;780;781
time: 2909.3333333333335 ms
weight: 5.0 0.0 NaN
782;783;784;785
time: 3.6666666666666665 ms
weight: -1.0 -1.0 -1.0
786;787;788;789;790;791;792;793
time: 32015.666666666668 ms
weight: 7.0 0.0 NaN
794
time: 655.6666666666666 ms
weight: 0.0 0.0 0.0
795;796;797;798;799;800;801
time: 52511.333333333336 ms
weight: 10.0 0.0 NaN
802;803;804;805;806;807;808
time: 94655.33333333333 ms
weight: 20.0 0.0 NaN
809;810;811;812;813;814;815;816;817;818
time: 4.666666666666667 ms
weight: -1.0 -1.0 -1.0
819;820;821;822;823
time: 5626.333333333333 ms
weight: 9.0 0.0 NaN
824;825;826;827;828;829;830;831;832
time: 200006.33333333334 ms
weight: -1.0 -1.0 -1.0
833;834;835;836;837;838;839
time: 12622.666666666666 ms
weight: 12.0 0.0 NaN
840;841;842;843;844;845;846;847
time: 138267.0 ms
weight: 17.0 0.0 NaN
848;849;850;851;852;853;854
time: 4.0 ms
weight: -1.0 -1.0 -1.0
855
time: 727.6666666666666 ms
weight: 0.0 0.0 0.0
856;857;858;859;860;861;862;863
time: 200076.0 ms
weight: -1.0 -1.0 -1.0
864
time: 789.3333333333334 ms
weight: 0.0 0.0 0.0
865;866;867;868;869;870;871;872;873;874
time: 200004.0 ms
weight: -1.0 -1.0 -1.0
875;876;877;878;879;880;881;882
time: 174369.66666666666 ms
weight: 19.0 0.0 NaN
883;884;885;886;887;888;889;890
time: 200005.33333333334 ms
weight: -1.0 -1.0 -1.0
891;892;893;894;895;896;897
time: 79316.66666666667 ms
weight: 15.0 0.0 NaN
898;899;900;901;902;903;904
time: 4.0 ms
weight: -1.0 -1.0 -1.0
905;906;907;908;909;910;911;912;913;914
time: 3.6666666666666665 ms
weight: -1.0 -1.0 -1.0
915;916;917;918;919;920;921
time: 17002.666666666668 ms
weight: 19.0 0.0 NaN
922;923;924;925;926;927;928;929
time: 200009.33333333334 ms
weight: -1.0 -1.0 -1.0
930;931;932;933;934;935;936;937;938
time: 200006.33333333334 ms
weight: -1.0 -1.0 -1.0
939;940;941;942;943;944;945
time: 27601.333333333332 ms
weight: 10.0 0.0 NaN
946;947;948;949;950;951;952;953;954;955
time: 5.333333333333333 ms
weight: -1.0 -1.0 -1.0
956;957;958;959;960;961;962;963;964
time: 200010.33333333334 ms
weight: -1.0 -1.0 -1.0
965;966;967;968;969;970;971;972;973
time: 3.6666666666666665 ms
weight: -1.0 -1.0 -1.0
974;975;976;977;978;979
time: 51005.0 ms
weight: 14.0 0.0 NaN
980;981;982;983;984;985;986;987;988
time: 86170.66666666667 ms
weight: 16.0 0.0 NaN
989;990;991;992;993;994;995;996;997;998
time: 200166.33333333334 ms
weight: -1.0 -1.0 -1.0
999;1000;1001;1002;1003;1004;1005;1006;1007
time: 3.3333333333333335 ms
weight: -1.0 -1.0 -1.0
1008;1009;1010;1011;1012;1013;1014;1015;1016
time: 3.0 ms
weight: -1.0 -1.0 -1.0
1017;1018;1019;1020;1021;1022;1023;1024;1025
time: 3.3333333333333335 ms
weight: -1.0 -1.0 -1.0
1026;1027;1028;1029;1030;1031;1032;1033;1034;1035
time: 3.3333333333333335 ms
weight: -1.0 -1.0 -1.0
1036;1037;1038;1039;1040;1041;1042;1043;1044;1045
time: 3.3333333333333335 ms
weight: -1.0 -1.0 -1.0
1046;1047;1048;1049;1050;1051;1052;1053;1054;1055
time: 200004.33333333334 ms
weight: -1.0 -1.0 -1.0
1056;1057;1058;1059;1060;1061;1062;1063;1064;1065
time: 200006.0 ms
weight: -1.0 -1.0 -1.0
1066;1067;1068;1069;1070;1071;1072;1073;1074;1075
time: 3.6666666666666665 ms
weight: -1.0 -1.0 -1.0
avg time: 34557.44833333332 ms
avg weight: 4.4 -0.34 NaN
